"x" "y" "z"
"1" 0.0399916182675438 21.0845137844543 -4.65394224643119
"2" 0.0535039902238564 24.7558184943842 -4.68942808656075
"3" 0.167248013890041 17.7751946750639 -4.75411890633736
"4" 0.088188837147322 13.9036090424978 -4.79118855403184
"5" 0.128089639614223 7.69733815415498 -4.73239564446878
"6" 0.152479304520929 17.9821067608673 -4.77119549354359
"7" 0.133431808828931 5.15869599927731 -4.76251300614211
"8" 0.163524091713659 7.22702456034007 -4.75666270626372
"9" 0.263947108536615 4.63471915784373 -4.80962440837351
"10" 0.371265384581058 5.02175008676715 -4.77744575532886
"11" 0.435967889360126 14.4261096078018 -4.81056985331136
"12" 0.45201557316829 4.52037788834405 -4.79993360315451
"13" 0.468173825175018 20.1078383531626 -4.82456170514862
"14" 0.463611108249115 7.1853321142783 -4.77697472295061
"15" 0.492590471601031 22.4055767437235 -4.79440404942782
"16" 0.688490237006304 19.621161254326 -4.87704151425855
"17" 0.670238028447909 16.0819777489418 -4.84684963501924
"18" 0.667606548982361 0.720666861499746 -4.78303266673051
"19" 0.7544870077149 4.11716661217949 -4.90976862328725
"20" 0.811810659865771 4.30099490351667 -4.90173729117625
"21" 0.839800275331627 20.3211115872575 -4.78810424701559
"22" 0.890842772621413 16.3393940614947 -4.79136790598958
"23" 0.938359255958814 5.69205781383525 -4.81737295181939
"24" 0.980126893924718 3.06480555319479 -4.82643407993714
"25" 0.931981464924078 20.6115331566098 -4.76483886227589
"26" 1.04107621255877 0.9659109382451 -4.86118548542383
"27" 1.06890630502073 10.7504159810432 -4.82037838637823
"28" 1.15714146517342 8.00737074435768 -4.85889764526397
"29" 1.13095755376907 7.29344607292935 -4.79806185117708
"30" 1.15006610791844 9.82416020511502 -4.77893397831386
"31" 1.25050306972952 29.1304248708974 -4.74642300085281
"32" 1.3596450899791 9.17156732842662 -4.76162293121116
"33" 1.35501087080355 10.2282135468007 -4.81506881059289
"34" 1.3428527922611 21.0740015400212 -4.7693335913861
"35" 1.53099224831487 21.2486464992413 -4.76258736265848
"36" 1.51460003293442 8.55007449004685 -4.86343324576655
"37" 1.5089891525855 14.9009502434142 -4.77814815469435
"38" 1.52575315452941 12.4044236774276 -4.74958783595801
"39" 1.54683553854347 3.49750749447798 -4.76981070776506
"40" 1.73082780295624 23.9936406014697 -4.73580558584432
"41" 1.77008503785 23.4226231198046 -4.69564974859168
"42" 1.68523358237663 22.2577752332078 -4.80034779653774
"43" 1.75956874784528 12.3998427017913 -4.76835007143427
"44" 1.69930786404643 1.06967769426809 -4.79673421996521
"45" 1.69402176609385 1.98518707234114 -4.74977951296483
"46" 1.84482816345945 6.85021610121491 -4.85605472368014
"47" 1.83414158757835 22.1744298487473 -4.74218109269582
"48" 1.94361418893725 5.89271998248754 -4.68210692001843
"49" 1.95062135284313 17.7003211347235 -4.63714513229669
"50" 1.92542986217291 4.98650257179388 -4.77649732649264
"51" 2.01459152267853 8.32353126770242 -4.82487349859718
"52" 2.10343193267878 27.6542694405848 -4.6399873299301
"53" 2.16984141546427 28.1718836255785 -4.64841822229642
"54" 2.13548194956449 0.423412686408353 -4.64380456502733
"55" 2.26332273868777 3.73912558590854 -4.59554046164086
"56" 2.24258219115571 8.73867028548681 -4.71120204153716
"57" 2.24827104227837 2.328140826404 -4.70750059817375
"58" 2.23611147104645 0.332634528665325 -4.68810860520654
"59" 2.28032024499601 16.8619724338006 -4.69661789079836
"60" 2.24613400677543 15.3895287606575 -4.69674680941011
"61" 2.38161231974422 22.0730140553173 -4.60004096128121
"62" 2.34239594699588 15.5246338604955 -4.57526867299213
"63" 2.30066453120667 22.8504323469274 -4.67454131590102
"64" 2.35410590778815 14.9677411886735 -4.58278467818416
"65" 2.40309254063247 22.9718391201963 -4.65414787329483
"66" 2.50404814596759 0.904894504259774 -4.63763296000953
"67" 2.51819205484152 3.09415349239524 -4.59574413441559
"68" 2.52729686185382 19.6297660326751 -4.5901047688491
"69" 2.62269393396269 6.99459936831367 -4.5222767545028
"70" 2.70533099462137 18.0135760484473 -4.49277539237269
"71" 2.81222270374655 24.2462660633112 -4.52253202083421
"72" 2.85575388945185 28.3891288714689 -4.46073986090919
"73" 2.87612245411356 3.06972769913059 -4.37827286073087
"74" 2.98286251078515 23.2868713850916 -4.39602226785347
"75" 3.02266139921956 8.54854020911967 -4.36014527440077
"76" 2.9737707429005 20.6202830950985 -4.31174067942299
"77" 3.05656447969113 10.8347287374883 -4.4932291445185
"78" 3.0661466297892 11.3103315674157 -4.33051140496892
"79" 3.05761399687283 8.95305050740952 -4.34253149967195
"80" 3.18022771020551 23.7683558129836 -4.37240906842352
"81" 3.18898240703086 12.2865870011832 -4.34655154290783
"82" 3.25965149630742 21.2453390972583 -4.31438632524377
"83" 3.29984001990161 27.6861474605571 -4.24023132016918
"84" 3.41581413667761 18.0848855266438 -4.11002242484381
"85" 3.42819564674877 13.7954571864688 -4.1149802212684
"86" 3.50697246699905 18.9008678426282 -4.14270426652839
"87" 3.35665184219989 21.3311432546495 -4.13135076654533
"88" 3.52130691399076 0.403574342235415 -4.1915018820256
"89" 3.45418019834726 29.9829486492796 -4.17632282586637
"90" 3.54901075095063 21.932212429369 -4.13089473732472
"91" 3.46544493261549 16.2673192327159 -4.09357155344346
"92" 3.68068391278035 24.7964465373054 -3.92030829650236
"93" 3.69574276580274 6.5000576410312 -3.97925241548172
"94" 3.7820600732683 17.1663804845743 -4.04180166361604
"95" 3.86371904828418 17.2155969845257 -3.93963224623544
"96" 3.92220096670259 19.5779973351765 -3.92677106989256
"97" 3.90700277152843 17.4295743070552 -3.87155096660957
"98" 3.90552880767341 2.59522309104324 -3.84565151754423
"99" 3.99470544568254 23.9146668302525 -3.85965338137524
"100" 4.04145109614065 0.444434856824264 -3.77146026076073
"101" 4.01797554109975 16.3217119346059 -3.70005802322885
"102" 4.10419517242602 16.560246596624 -3.78231584958485
"103" 4.1458705653136 12.540132545889 -3.74212597313083
"104" 4.10849613398435 18.5213566367191 -3.72449227819115
"105" 4.2163639571418 23.2895391046129 -3.70188521355211
"106" 4.15039885780022 13.6744288490952 -3.79484582082489
"107" 4.03307272923183 8.85970515728422 -3.76245861677404
"108" 4.05585012434033 8.18289517097277 -3.67314430046423
"109" 4.09640670314713 15.8099355000038 -3.69912970930727
"110" 4.09994413522511 11.6088451290424 -3.74949225499693
"111" 4.21105326355032 4.7421474673067 -3.72845171259301
"112" 4.23385370479069 11.8660456665625 -3.75741445750767
"113" 4.20508746377393 28.1708583287931 -3.5552648501384
"114" 4.26791107184558 11.9036018284999 -3.56680183319238
"115" 4.34531848641796 10.3828180696993 -3.54945976453727
"116" 4.35196498795837 2.29764296026944 -3.5429943727539
"117" 4.42512714946562 8.20288153275316 -3.48169890193195
"118" 4.43634071770494 26.345122061535 -3.53922620963778
"119" 4.39223367107058 11.5858870304375 -3.48297492190034
"120" 4.43737711005335 23.1941821063135 -3.50701132665948
"121" 4.37966003286483 4.54061281556615 -3.43029095903287
"122" 4.54903445665974 29.927908661416 -3.42704138937438
"123" 4.52326458716873 15.0125362717424 -3.45424468942759
"124" 4.52922956211664 11.3656360872479 -3.36864494236736
"125" 4.72635917003072 23.4398541440763 -3.26993618797891
"126" 4.59181822267692 12.5455588808062 -3.21583503439106
"127" 4.67811057411505 25.885195755865 -3.14601777648517
"128" 4.73418754533218 17.3345720177862 -3.07913384520976
"129" 4.78932636683744 16.0126927520958 -3.08463525809916
"130" 4.81495007144466 14.9514997008715 -3.07544516619763
"131" 4.8120726844491 18.3297151219622 -3.02951101273659
"132" 4.8630009969924 24.6573317282215 -2.93399918856649
"133" 4.89601667907506 26.2117141073077 -2.93646953668744
"134" 4.86992306540893 5.14701764405099 -2.93551820465537
"135" 5.04644811453835 19.6711799180812 -2.83762812523002
"136" 5.06863484683168 14.3430274100257 -2.74860995645659
"137" 5.13287554833924 2.57479574392742 -2.72973363490412
"138" 5.18153734581753 27.9226828025487 -2.59674763214127
"139" 5.18580360690175 12.9599620507476 -2.64977016650057
"140" 5.23500873652073 23.392323164761 -2.57823800568729
"141" 5.18611841898078 5.32738631519064 -2.61505989311357
"142" 5.17944155086767 25.6368994306853 -2.69905932909461
"143" 5.19997888954816 16.3996637506529 -2.53028347475169
"144" 5.13680940702568 16.5650387386343 -2.51821777043267
"145" 5.33473476458283 5.5693558583867 -2.46052574026142
"146" 5.40903671256435 22.7990916870155 -2.40602721073021
"147" 5.37102587455258 7.74033808973273 -2.42231270056546
"148" 5.2930538046926 1.04958729631733 -2.4017048096269
"149" 5.37668061929548 25.7569404580453 -2.32971624321255
"150" 5.50427449088826 11.1152661509552 -2.20769038112323
"151" 5.554412466056 27.0909264979303 -2.04059213689065
"152" 5.58690041653306 20.4487223410219 -2.13082012400333
"153" 5.61829379912094 25.6631646532755 -1.99575320707025
"154" 5.56971557668739 13.8414367091817 -2.09362335520859
"155" 5.69854033856093 7.54386485946021 -2.07492700096846
"156" 5.58876942141493 8.71613280480412 -1.93596074212454
"157" 5.60629306385459 26.4364406612764 -1.96067542471203
"158" 5.67049834331708 28.9410082638575 -1.81765108227988
"159" 5.62765752830707 3.58529285801658 -1.94195351104979
"160" 5.65460033032647 5.51756003367559 -1.85737751213645
"161" 5.66606605471122 0.678770492135696 -1.86163168727201
"162" 5.79593375705634 3.32097207250719 -1.75917449219145
"163" 5.60971180508208 8.36595991811778 -1.84476067088646
"164" 5.72999741688994 17.5962996093255 -1.80481586632155
"165" 5.74439444403484 19.1584546563883 -1.73894452832956
"166" 5.80749481227804 0.407852170394069 -1.7292008228192
"167" 5.71598902653952 29.1357668339336 -1.67421617038897
"168" 5.80206546181375 3.4748296662307 -1.6304095401131
"169" 5.88573817385358 1.91155199616905 -1.55813184217196
"170" 5.8330258477293 8.7865762658886 -1.63064710234506
"171" 5.82009854733027 8.40929201271339 -1.41141087348054
"172" 5.91643279446224 22.3059040453949 -1.33420752393476
"173" 5.94048507681666 19.0742503023465 -1.34263693835451
"174" 5.97527990415409 24.0455358865682 -1.26619373110018
"175" 5.904147490799 16.4423470831017 -1.28354722344924
"176" 5.97845656321285 3.23868803796981 -1.26668031462413
"177" 5.94171048078327 7.45095819046857 -1.06650733543563
"178" 5.946411881016 2.07139487818289 -1.13262220161193
"179" 6.09690980114332 25.9880541360296 -0.938337425490871
"180" 6.11992814677417 9.16240168322273 -0.99870114142565
"181" 6.04124007660225 17.1108995928008 -0.898703559543941
"182" 6.04793511185853 13.698483895345 -0.829812012426978
"183" 6.23858915513708 22.2642040706735 -0.814981091658007
"184" 6.09537103239954 10.7826454288105 -0.769509292992391
"185" 6.06510824504666 28.6849216068076 -0.703939753351453
"186" 6.11823915543623 13.5069559208274 -0.639160056855855
"187" 6.11354507739944 11.6776242142268 -0.601778888830241
"188" 6.19831599488178 7.8169592150553 -0.598834100885424
"189" 6.22936861417291 28.7879779395298 -0.550457092597314
"190" 6.18001550959141 11.209068153002 -0.491872959565753
"191" 6.21498364175965 22.163373777143 -0.502853527232758
"192" 6.21046414123725 13.1633357013025 -0.357739464186748
"193" 6.15799129016881 27.7899589002555 -0.420712247359916
"194" 6.22257388307197 17.7553680213465 -0.316521521758785
"195" 6.28377768142939 2.21101709078815 -0.241270765089699
"196" 6.25985642953652 16.4241095689232 -0.291333545606151
"197" 6.3383714553233 23.4478359541827 -0.250764347396004
"198" 6.19048585083877 9.28138309337809 -0.293699868145354
"199" 6.2401518379137 19.443734250552 -0.268374339096368
"200" 6.24513519144428 7.59794373594447 -0.130752694687014
"201" 6.26950138173491 1.68096605031213 -0.107442617045256
"202" 6.33845539601981 4.85233348738224 0.128298898439326
"203" 6.23543575220772 5.03408732117677 0.350891640226838
"204" 6.32099648079417 11.1822432237819 0.346090955652448
"205" 6.33028440848483 8.29079605931814 0.391746574116803
"206" 6.43641176333335 14.7254558541808 0.526896693812148
"207" 6.35378593580446 8.45746625285389 0.450657464767316
"208" 6.32692399371006 27.4751463905594 0.595082093167195
"209" 6.31001285643371 5.30120611022422 0.537407459973597
"210" 6.34752110515779 26.0993843307585 0.656153692431211
"211" 6.40674642281329 27.1989672851923 0.695022985325416
"212" 6.37455003333999 15.6134178473318 0.701782335718919
"213" 6.3782359540694 17.8921311371931 0.718770432387829
"214" 6.32882902510396 3.37722235952742 0.766886085095051
"215" 6.31667872599074 10.6138187442933 0.882145697120835
"216" 6.34036187029866 26.5656828503457 0.875447875075706
"217" 6.28491955766193 6.93711941713939 0.889536387115463
"218" 6.39562195679385 20.6729553295682 1.02784930988732
"219" 6.40618315221411 1.50221104600676 1.14675327998936
"220" 6.42998728963164 8.72944694992435 1.2077043283385
"221" 6.37161362467466 6.18433796081939 1.16537199703592
"222" 6.42037221090474 18.5632681424685 1.19564428960717
"223" 6.31455602548574 4.90590797245623 1.3639338887096
"224" 6.28606156982818 20.622294913381 1.30627694212601
"225" 6.35473960615484 15.2663359236273 1.27743892282314
"226" 6.37192958539901 16.1209084456339 1.31702928941231
"227" 6.29339599071081 9.49412540195018 1.32515854344908
"228" 6.38520272745621 2.68452577015672 1.41591552466175
"229" 6.35141949198069 17.8673012448367 1.36296259085904
"230" 6.5051563217146 26.5033215913353 1.54588226576007
"231" 6.31596694436748 -0.028770111519153 1.48701382677597
"232" 6.27138707729578 24.0319863438471 1.5137808995208
"233" 6.39559592090379 22.1162238767601 1.66359943235636
"234" 6.33383168126767 18.2129016863539 1.64953676902858
"235" 6.27655182532333 13.0945269079412 1.72418938885807
"236" 6.36572032122703 26.5441806445919 1.81531445662879
"237" 6.36343011190277 9.73879051402846 1.68200499952556
"238" 6.30674767858881 8.6420336988664 1.87610601685299
"239" 6.22263347154816 23.9645349253415 1.94544064518736
"240" 6.2331092395087 17.8426685566639 1.92039618243522
"241" 6.24251277173596 17.6635570486242 1.95699059017865
"242" 6.29523645611008 25.5286664441921 2.01794429343484
"243" 6.34077845331504 19.8593504832135 2.17708248011419
"244" 6.33725294099751 21.3672448152546 2.21483918615108
"245" 6.19248829542065 16.0058658401596 2.30465527812741
"246" 6.18485886541426 12.6863575870125 2.29974472277881
"247" 6.21183185868677 18.6433917562422 2.45181787909653
"248" 6.19104222780978 12.4073730062167 2.46605395333335
"249" 6.18142375540558 23.2250172285773 2.5293193355162
"250" 6.07774473984957 29.3050153405108 2.49040969638722
"251" 6.15385128017756 20.4974913687342 2.52011056061912
"252" 6.16289512368872 7.58632495315923 2.62321926777823
"253" 6.17369301927533 2.61647716262058 2.54729700484836
"254" 6.08781906379245 29.3221032952714 2.76632485787513
"255" 6.08941793339271 8.11897016226771 2.83651071601906
"256" 6.13130057572863 9.376648394442 2.85957591995752
"257" 6.04547325633924 13.211497428975 2.78823944106446
"258" 6.11293995382141 20.0531069443778 2.90545647434546
"259" 6.07098835697036 21.9024371439026 2.93040563192759
"260" 6.03184552688923 25.861589143724 3.10368276833111
"261" 6.04587601179973 10.6431630793039 3.08438202410636
"262" 6.02407227022142 12.8983404765717 3.07877662227932
"263" 5.98198312883939 19.2227194229783 3.10962736238475
"264" 6.03129651407954 20.0530317937769 3.04065486854394
"265" 5.98142015521569 24.833363123742 3.04526610136561
"266" 5.95582856527228 5.38615225449441 3.19960346857359
"267" 5.84136503676311 25.9552461973454 3.29325610628953
"268" 5.9200289803806 3.26219525583105 3.23823900184687
"269" 5.88589482174562 29.2921995925212 3.29727653182782
"270" 5.94408910281228 3.97009940129707 3.36639277101484
"271" 5.92810714116338 28.3339505224612 3.29086892488307
"272" 5.89413154405037 15.22327003688 3.39872510544471
"273" 5.85756117759381 15.3675750140987 3.47347230868517
"274" 5.94877111409421 26.5058590493581 3.4264795832606
"275" 5.86769557175612 8.57922167266525 3.63826780224176
"276" 5.7795727120138 12.8887378117442 3.73254595004552
"277" 5.77939190394353 24.6596321305737 3.7827133119378
"278" 5.80804161568543 21.1065069842181 3.79705446266325
"279" 5.72462173151032 23.3754456127586 3.80722613502248
"280" 5.68360768689292 13.2188246341006 3.70296443253965
"281" 5.69811594157915 25.5350844948024 3.83132268200875
"282" 5.74112298390557 15.5365274539565 3.76043323129494
"283" 5.70118519964181 1.41331573477746 3.83041355847053
"284" 5.62609130201301 29.4367371145196 3.96651936218967
"285" 5.65234655788965 17.1657433274464 4.02516440984307
"286" 5.61894730883332 25.7940577094009 3.89467874559661
"287" 5.57844424317605 17.7370616430405 4.05554164722518
"288" 5.57454873218138 9.19270933850037 4.02335724204934
"289" 5.6451418588971 26.5102265832421 4.08266667703747
"290" 5.63433820808993 6.16468537099823 4.04559346955087
"291" 5.61420219358214 3.76270773536054 4.13942968055416
"292" 5.64803230352133 11.8787308624084 4.18045936255928
"293" 5.5086411868644 11.1276280475416 4.20655534974165
"294" 5.51442928983769 11.6953345142481 4.25531215594346
"295" 5.37890715959721 6.26993947616241 4.18509778400587
"296" 5.48925514499788 6.29592967696024 4.1045502201157
"297" 5.5030989486499 5.83780302328118 4.20190175067752
"298" 5.53875176316591 10.9301946377244 4.33979642350801
"299" 5.52455112841339 1.58380512199831 4.35753460724226
"300" 5.56428715748484 25.1572550070707 4.33218660431569
"301" 5.47583634453167 20.2878383733903 4.33578548730857
"302" 5.45782792511319 25.9257528342542 4.30188308057557
"303" 5.45829587077646 22.1468177265953 4.34552431982773
"304" 5.47608462480958 14.0110052603685 4.33855803192667
"305" 5.38502853488671 13.1645979232132 4.24887190645226
"306" 5.4283350808004 16.6905731335918 4.37084706054293
"307" 5.37908886366994 29.4894035839712 4.37520035555746
"308" 5.28265024246446 27.4141915324732 4.50498971541138
"309" 5.31515611033182 7.70867385424671 4.55612859513349
"310" 5.23477703036619 26.6407030628734 4.65345527044056
"311" 5.27417139743056 1.46519463138507 4.74193434291746
"312" 5.14173459758844 7.68722243091189 4.75943463828449
"313" 5.18104484384252 22.0203375501207 4.89705858919841
"314" 5.12017959064204 19.3945130327761 4.85429457927825
"315" 5.01797935368402 4.35679116801569 4.9108399566049
"316" 5.07844436180629 19.9343712320158 4.86367973454191
"317" 5.03612245210329 5.56061207121893 4.89958729876584
"318" 5.08382050249177 28.3990599547783 4.81745803767325
"319" 5.08975367442452 20.4987729257869 5.0698453536823
"320" 5.08372048980333 3.91092213390825 4.98911651914323
"321" 5.02398941511417 29.0752355272266 5.01107438489236
"322" 4.94419232848823 17.4476887049074 5.08465346472563
"323" 4.88340143478094 25.2876435307624 5.07449553783929
"324" 4.93418022189498 2.35885191210786 5.1428166030847
"325" 4.96104405425847 0.00743316516248758 5.21394551839851
"326" 4.88409026923376 7.20480816108176 5.12031704936065
"327" 4.85345579560883 18.2052643649676 5.21039207365599
"328" 4.79975674675623 29.4438230704703 5.23418476874569
"329" 4.78689163650323 19.1937648281625 5.29811340493406
"330" 4.67734705420283 13.5950281368911 5.32211010519963
"331" 4.69183558005983 23.1631151071914 5.3562115349366
"332" 4.73171584572381 25.1340804735863 5.35187413094414
"333" 4.69066038584637 19.8909263427303 5.35889747392923
"334" 4.61494759187015 26.5017310661788 5.4869516582002
"335" 4.53217855113622 20.3941488464199 5.55437444842842
"336" 4.55235643539684 8.50471401561868 5.52946069519217
"337" 4.55821013377107 16.4043977051512 5.61150465319416
"338" 4.42130952428918 17.4597319310892 5.66724858217398
"339" 4.34021930958643 23.3539786881502 5.68926868558718
"340" 4.44150069754603 26.4652714672402 5.67173230208765
"341" 4.26725670600314 10.0789426478547 5.67050751452789
"342" 4.4100158374407 2.58839132893647 5.72769392546242
"343" 4.3055079995397 29.1624860889614 5.71936564394627
"344" 4.13770594036595 24.4680170860485 5.9187372831397
"345" 4.13059774017152 2.15562389198457 6.01576989632964
"346" 3.98879914697617 24.1525004440625 5.97195684774779
"347" 4.05346655694199 23.4014236530175 6.05928179720781
"348" 3.98133012661207 17.7324242573765 6.05491090833387
"349" 4.02429368529333 0.858624267752572 5.95674119397407
"350" 3.93233536794471 3.33129267355573 6.07149661831723
"351" 3.96836790171649 25.3464443090549 6.13871153065952
"352" 3.94812151024611 15.6043177665401 6.05212527817731
"353" 3.87707054979551 23.3535023534565 6.18056612615501
"354" 3.86103225934677 16.8077727562061 6.1436314604553
"355" 3.8204089961182 2.56957450090504 6.15105629665543
"356" 3.80653409841498 13.7725697935294 6.16713055381244
"357" 3.76349955080863 9.82297526106264 6.24281269538118
"358" 3.79780491102134 28.2305643540044 6.35114008974506
"359" 3.63852708441965 25.7121742501803 6.43510373993867
"360" 3.67196966340892 20.0633204505407 6.42458062394582
"361" 3.45508122877823 29.2746491375196 6.56895189961544
"362" 3.37882757533109 28.2063797854303 6.47251714095666
"363" 3.34441598505956 24.0004155603681 6.56873037222571
"364" 3.37305364515779 8.19302534337685 6.51788677930524
"365" 3.27716914780304 23.5288177008518 6.65318116705888
"366" 3.22335930193519 16.0465824825667 6.68434589583102
"367" 3.07866601721068 19.6059533405315 6.68600224860523
"368" 2.99621556788863 17.2663838289616 6.75081411491512
"369" 2.85403281270041 3.06682829761174 6.90542007926993
"370" 2.77877710398148 24.2521137646947 7.0051961551866
"371" 2.73808645053178 25.340361279011 6.99091494695552
"372" 2.73603613047289 2.11452508091689 6.95442520434871
"373" 2.69687815812375 18.7618111869353 6.99354960160168
"374" 2.66017446947387 22.5477775798634 6.99228642568975
"375" 2.34848678452695 1.15500609326919 7.0008593532333
"376" 2.32697638693235 5.88253540816072 7.1698953759444
"377" 2.32028204256236 11.7386063937012 7.12746220926086
"378" 2.09025282628131 1.62376289402942 7.23524084909782
"379" 2.18782322537542 16.4664683190715 7.29395412680019
"380" 1.8624722235512 0.526918164198398 7.38043720004193
"381" 1.87825184987782 4.08805218825178 7.42832381723899
"382" 1.88671020890217 11.9078830957982 7.40477845788004
"383" 1.70497445692547 28.5871301658409 7.49614575184894
"384" 1.70972345454938 22.8704644888366 7.41987776273405
"385" 1.62667492148389 8.01222578900874 7.48596851254886
"386" 1.59826214076138 16.3959490221412 7.52785644775943
"387" 1.50182975694622 29.224739878099 7.45168499376214
"388" 1.52037377379448 20.1455417469143 7.42365851062297
"389" 1.35811302805669 19.0132120558593 7.56623993653515
"390" 1.49900500075863 12.8462033667587 7.41600496885915
"391" 1.43641687171766 7.98923721831342 7.51424710524186
"392" 1.29566269531013 16.3196732130019 7.54242560589047
"393" 1.17925463218232 0.0667418183807706 7.61152003842648
"394" 0.872496848457896 1.37657202184306 7.65619217483787
"395" 0.794852712267742 3.59085455433171 7.69935312944532
"396" 0.708057152192584 18.9908564036053 7.72164814196468
"397" 0.711857782798125 18.9950746564446 7.73863274044508
"398" 0.675447609549382 27.5857839171021 7.71901908084326
"399" 0.607863564920193 14.5735035163211 7.74459843661012
"400" 0.566124430142733 19.1860296513186 7.76012817362429
"401" 0.36644732943243 2.99318922200548 7.78195813884724
"402" 0.249766883483798 13.3434873950033 7.82876545622042
"403" 0.220498012741622 22.5907171008813 7.81192864178535
"404" 0.134889009000223 23.4762251972616 7.80318938732828
"405" 0.147024001416817 5.49315978797634 7.78736219174115
"406" 0.0518633774538168 11.3217055580674 7.8287245548715
"407" 0.0118435653950049 24.9090488496619 7.78484904083806
"408" -0.119530391570991 16.0317331552847 7.92997750782075
"409" -0.208216506230156 20.4569274621876 7.87830975868461
"410" -0.382992518824824 4.03761430359101 7.88027937358014
"411" -0.590667828786798 26.8192902592633 7.93845323882854
"412" -0.494404802648462 17.873239760523 7.97562504171549
"413" -0.554643377659246 10.0469695084643 7.84087759291853
"414" -0.608133635553796 9.96883546846541 7.96804408894984
"415" -0.66251470307326 6.60559499410603 8.01820802084471
"416" -0.828286707820162 25.3829645688757 7.95181608181482
"417" -0.783527869358956 23.4548749908719 7.8133783661784
"418" -1.00812159680001 4.29358741057236 7.96944891793965
"419" -0.870297712678563 10.2315044565089 7.92974973365747
"420" -0.973515283001873 16.8480578084459 7.88340110055992
"421" -0.895913941915799 15.2910995179377 7.954338369126
"422" -0.954452363214956 15.1116466899456 7.92150688576404
"423" -1.01479662021167 27.2714232317497 7.91889501406198
"424" -1.10577850831537 6.16802646714149 8.03950383280191
"425" -1.1426822515554 22.1813996392797 7.96484440708615
"426" -1.26882315330101 12.6643196835099 8.00971834940619
"427" -1.26099676205945 5.58333902894304 7.94700594600893
"428" -1.18629144207989 1.2961682518081 7.94604584807526
"429" -1.29729935405854 16.2160321212691 7.91763418381921
"430" -1.31948475032334 12.7258996219195 7.88661297805146
"431" -1.26725849152079 18.2259717621699 7.88115300805533
"432" -1.34875880853672 3.11838766282717 7.90209804755897
"433" -1.62230743657654 9.26355902845896 7.86203301905733
"434" -1.73346819815478 23.5383433010179 7.89724929411724
"435" -1.90767185304131 23.5065904202863 7.85306555333526
"436" -1.81947415524829 25.4151753347171 7.87378223709617
"437" -1.85232181548975 13.9998489275577 7.866069252545
"438" -1.85249514754928 22.1046709897214 7.8424103716455
"439" -1.86398349776279 10.3841765557027 7.86394954193137
"440" -1.94374022576862 15.9370678237919 7.87383192960155
"441" -2.04819571971546 21.0038379317864 7.80933079713128
"442" -2.15021895700688 24.2824375577485 7.81225112176749
"443" -2.21466837367796 19.978706164006 7.8219555261745
"444" -2.41095836997635 25.5364417471334 7.76491351971059
"445" -2.52470982140646 29.5989163294756 7.80025555044506
"446" -2.6088593344104 18.2212261240936 7.73793368801773
"447" -2.65937780001296 13.6493596096962 7.76255063138444
"448" -2.68140420046874 6.40943317580618 7.68281700390519
"449" -2.70503958297512 1.22970467824197 7.73622461066433
"450" -2.71346937608668 15.3179019186707 7.68611813109711
"451" -2.59798246644677 17.0724718445533 7.76232332179226
"452" -2.84676880449103 12.1430686771395 7.66778486663227
"453" -2.99950619289075 10.5624346639509 7.61494512316127
"454" -3.01163791763964 1.28193533676859 7.70438017515872
"455" -3.06752085253456 17.4983750600757 7.68443074509556
"456" -3.04853502129242 8.82191133765111 7.54138977660093
"457" -3.30117319823426 11.5032183808642 7.64716014764876
"458" -3.28689709873145 19.7133363920376 7.64311428268813
"459" -3.2446330506929 10.6640959274954 7.48836883576381
"460" -3.31501567443099 13.3448602318317 7.50521692672574
"461" -3.41941175037485 3.95619013485108 7.51197761392441
"462" -3.48927820449552 19.2006615259415 7.49010901980098
"463" -3.49258501971911 18.3538657445067 7.56040912706528
"464" -3.49053133553673 18.7358569716536 7.5666719839765
"465" -3.5171413167067 13.0053201122187 7.4491790879906
"466" -3.53587131778287 17.7571692156991 7.59642661189462
"467" -3.63767767156385 0.249454625263077 7.47953805835225
"468" -3.64273306318901 9.70563540988583 7.50110344270592
"469" -3.71949200770223 7.05035382929174 7.52272757921673
"470" -3.70365145598686 17.8717811541523 7.37883407912407
"471" -3.73052052420503 12.6314648587649 7.46862371275865
"472" -3.78675762634325 10.1863452774376 7.4891290731676
"473" -3.82471327615699 8.33613060277428 7.402578546894
"474" -3.83662068739903 4.71836953363545 7.36849324099845
"475" -3.81297796362259 8.71202523502525 7.36143803133879
"476" -3.96627854017005 21.8060259604821 7.38865510483889
"477" -3.98896640021739 5.42617332411525 7.28834549011638
"478" -4.00183789641974 17.0392137757283 7.2684114534567
"479" -4.01738847745945 28.2665425193026 7.37346613170167
"480" -4.09351070346995 9.98361373455958 7.35983789820988
"481" -4.03045774279644 0.157150254832182 7.27492220210874
"482" -4.07349301965951 3.95165395244464 7.32029320883349
"483" -4.18521394008244 0.625506150232703 7.22655212999425
"484" -4.3611830065701 9.06410854544469 7.25949955717399
"485" -4.35093000235037 13.0027595806207 7.12560685405809
"486" -4.3745434602936 18.1905672073885 7.14330174747197
"487" -4.44759060693322 29.5442577817 7.16457352312422
"488" -4.3843615637946 26.224107398939 7.23322532268642
"489" -4.50052625791512 6.12798027621548 7.13011362697804
"490" -4.70180929920306 21.5654694010541 7.10092812664284
"491" -4.51204620192857 13.159097116699 6.93079958135592
"492" -4.59453506539112 7.92271237299291 7.13436808204074
"493" -4.7400672315658 5.46348431698762 7.06035087338619
"494" -4.75221916753234 22.8853355221828 7.04844616542646
"495" -4.77954252020021 9.13543435977327 7.06132526227415
"496" -4.77100406321542 28.5555422131988 7.05220458209581
"497" -4.81851474945993 19.8633917962661 6.97243659281543
"498" -4.84496760584369 7.92162139722548 6.86569501881374
"499" -4.96610164253259 2.03121647451947 6.94555484171692
"500" -4.99921855970116 0.670824037873641 6.79332656325465
"501" -6.00220194422409 20.6861572713406 -8.55202969816428
"502" -5.93604767068105 4.61591899490199 -8.40573209314897
"503" -5.93863780559805 28.5505073633933 -8.46399266941906
"504" -5.77492970326307 15.9392275891118 -8.59283038982361
"505" -5.81686416739468 9.96591015785722 -8.54652383318373
"506" -5.77817213034622 18.9687191572519 -8.66640782673609
"507" -5.70841284337558 16.909330099304 -8.75697792098483
"508" -5.62083809572409 23.3229941456572 -8.82365442508076
"509" -5.40148113051219 10.150282784794 -8.90319642435528
"510" -5.54202528348788 18.7134036874809 -8.96992610391925
"511" -5.28828002637954 16.7974360990133 -9.03024003359605
"512" -5.30055834238898 26.5174425455514 -9.02030453202276
"513" -5.25245852579456 8.3255674698743 -8.99677984438824
"514" -5.15131944914027 21.1906131460452 -9.13720888255064
"515" -5.14443465316267 1.5831215219635 -9.24089060003302
"516" -5.13099875420245 0.529457578943788 -9.08734283578462
"517" -5.00291121172048 5.69676339959854 -9.30111668696067
"518" -5.07142179369761 0.541118049594168 -9.2492907718969
"519" -4.92776678295669 14.5599719126943 -9.25630523942321
"520" -4.9528773713304 9.49910393346227 -9.29137788534671
"521" -4.71271454846006 3.47976350257528 -9.42804057676654
"522" -4.49549965286604 2.42904743078431 -9.50121992083965
"523" -4.43399889420332 0.856277008273647 -9.54993620130811
"524" -4.45896016701968 27.876691289757 -9.57508178590274
"525" -4.45926180487585 29.6525465960346 -9.57200298543567
"526" -4.27044517372491 0.943513152454573 -9.73380828447223
"527" -4.27654743107896 5.29669313886786 -9.75237621764935
"528" -4.26335948399539 26.8110180474766 -9.64461221721582
"529" -4.22991643166822 2.26575669501023 -9.74587465409766
"530" -4.11695982183943 1.74673032744036 -9.69364616493172
"531" -4.15572491730183 13.0429584715239 -9.79464286080527
"532" -4.07284369292089 18.9029927578653 -9.76906954836565
"533" -4.01565799410488 23.0698498231587 -9.82032025170944
"534" -3.79611519982122 20.3158624673809 -9.89321623715647
"535" -3.68919679860255 25.8327474794441 -9.95745624878115
"536" -3.69665257034939 25.9863016565604 -9.96677816534572
"537" -3.6937449208982 14.1986902860384 -9.97492902226727
"538" -3.52028050503674 22.741299513521 -9.93056752816784
"539" -3.3264606554331 29.9414624279649 -10.0739130501373
"540" -3.34824309331935 19.7646989345177 -10.0622502017446
"541" -3.31920399481043 16.5911641097947 -10.0073215245507
"542" -3.33852361229839 21.4853009628373 -10.1704496458405
"543" -3.34767088391937 3.09508210837993 -10.1611495139676
"544" -3.26510509452457 0.255827561638342 -10.2407551592017
"545" -3.17814965801133 23.2380271637127 -10.2835440877089
"546" -2.96819173897582 10.5716996326747 -10.202969962749
"547" -2.91594421120485 3.16418024847385 -10.3398413416475
"548" -2.87756723926808 3.70191115653282 -10.311192009684
"549" -2.60991391429752 1.49487416521548 -10.4529678715772
"550" -2.5788627787046 7.0778561965414 -10.5003803286328
"551" -2.53360114335899 14.765100779873 -10.3934720381355
"552" -2.36526487930111 7.54797859399008 -10.4652872020474
"553" -1.9654101321569 4.9817860576904 -10.6399313338498
"554" -2.09362891984129 23.4474772423607 -10.5804945884174
"555" -2.0103825684667 13.011345382865 -10.6573654557591
"556" -2.02035441261098 22.0720053587809 -10.7036818242764
"557" -1.61834046247552 5.99420545760843 -10.7540366691191
"558" -1.51261233998969 23.8291867114939 -10.6980361134994
"559" -1.49108161579114 2.0692843162814 -10.6845406761473
"560" -1.40159386725774 20.7978677562861 -10.7112059107825
"561" -1.2255938191279 22.1138337419891 -10.8466108900507
"562" -1.07902646945003 4.70249733323625 -10.8826046134759
"563" -1.07127912073696 23.4612375530493 -10.7817867989425
"564" -0.907110162191614 17.3854153324893 -10.8104232195918
"565" -0.96169773639385 9.78789167519844 -10.8437761330502
"566" -0.708928715156082 18.5741543901063 -10.9411117062821
"567" -0.577126643499361 15.2141753716166 -10.9483638507893
"568" -0.661446549907836 20.8073797893321 -11.0017252193686
"569" -0.468685114640609 1.49542421422996 -10.9333640791869
"570" -0.502750049300342 7.55438288944751 -11.0139575791187
"571" -0.46349243521489 6.26035344187881 -10.903549679057
"572" -0.265774421228965 19.2990896802894 -10.9723857194145
"573" -0.250644375877774 23.569608599211 -10.8795245064138
"574" -0.187322518281042 14.5304457049728 -11.0250578585953
"575" -0.192531702393724 22.9549721327538 -11.0010308651585
"576" -0.1379167417792 13.495858135784 -11.0667602631636
"577" -0.146853631350036 4.8507182954591 -10.9470535714605
"578" -0.106264071899762 20.6717337336883 -10.9504650150226
"579" 0.0588583637980211 18.6870106685651 -11.0326062646216
"580" 0.219870970789759 11.937265725494 -11.0393979097344
"581" 0.295739229240343 19.9228915412706 -10.9591953206727
"582" 0.325938813734229 7.667723254535 -10.9912053616191
"583" 0.268588544979162 25.610115757299 -11.0305346415083
"584" 0.389058203377914 8.29689819748794 -11.0171028616111
"585" 0.51869995399548 23.0780068386886 -11.0615135769298
"586" 0.509385095079605 8.00508998605688 -11.0820020290942
"587" 0.512223829954892 15.8794482745143 -11.0312313337838
"588" 0.655142031151049 12.538835044758 -11.006542368235
"589" 0.775176590433845 26.8046148879476 -11.0298013775983
"590" 0.707657560972035 5.73403960881822 -11.0320390400188
"591" 0.745973482950794 26.5461683129161 -10.9857101457915
"592" 0.820567880213001 8.53268823523382 -11.045560314614
"593" 0.763651874919837 22.3412223727254 -10.9921388994862
"594" 0.831042323855662 14.2481912948841 -10.9339029656258
"595" 0.87862407807392 29.9219464790365 -10.9757399463826
"596" 1.16592789402789 12.1502373513678 -11.0782814432577
"597" 1.39762622362901 21.4360109881864 -11.0541531138435
"598" 1.47961771139231 14.9721274782583 -11.001583453318
"599" 1.43297864083227 7.62545430359834 -11.0778495288027
"600" 2.10360946365408 25.4957833042909 -11.1051193161985
"601" 2.0440369229396 28.5197280146299 -11.0730143045828
"602" 2.09441254580096 18.9625540110055 -10.9861913641726
"603" 2.21422819057283 16.7809460763395 -10.90468673847
"604" 2.3112172511006 0.137150865060976 -10.977261542184
"605" 2.37552149726258 0.228742024197045 -10.9541396370192
"606" 2.40836946689343 13.5050877293792 -11.0081979356458
"607" 2.63782150374751 21.7268309471276 -10.9652705467046
"608" 2.65378819641957 21.4835801934681 -10.9224979483134
"609" 2.88417244756427 24.5514240500406 -10.8154863423918
"610" 3.13302614614322 23.5880048490401 -10.8277089046343
"611" 3.20182818652046 10.8386215014764 -10.7359947861998
"612" 3.3959136836164 18.8327940504769 -10.7486670573615
"613" 3.42872175817876 12.8306216590477 -10.7490481943444
"614" 3.55968640325172 21.8469975070649 -10.7353460850194
"615" 3.6156302500345 14.662803067856 -10.7624103380689
"616" 3.73847759713402 20.1435637806062 -10.7627291655796
"617" 3.723869308159 12.0407969471586 -10.6717473378709
"618" 3.99498724609048 23.8363681031781 -10.6832265557713
"619" 4.10349092137871 22.6360821514304 -10.5850239704904
"620" 4.2863967628755 5.43702292376803 -10.5506189365481
"621" 4.33866366130455 26.7393490189195 -10.5379119772361
"622" 4.41103814101739 1.79439615444404 -10.4861973151681
"623" 4.49168371616038 22.793661352409 -10.5354380698263
"624" 4.61676849359881 4.92107089797256 -10.4346935441839
"625" 4.69486106277185 0.228944507589845 -10.4237072354661
"626" 4.60681217866346 6.14314175343813 -10.4201558557934
"627" 4.83307015791272 1.63802220199113 -10.3634820404178
"628" 5.18217771187751 5.54986333766556 -10.1676783452096
"629" 5.13603049592679 28.5113241738365 -10.3090694828548
"630" 5.24820994295653 7.83448545815121 -10.1782517101936
"631" 5.34255151164111 1.13517078495174 -10.2827484126222
"632" 5.30545784608932 14.1445633971759 -10.0483786291305
"633" 5.63488364183082 25.5436234000922 -10.0305162841109
"634" 6.02002788203331 1.05217037848013 -9.81718171546951
"635" 6.43801678384652 4.47356891647942 -9.60805295586665
"636" 6.507955636392 8.02147397427034 -9.63214167340335
"637" 6.50469818668903 27.120665368375 -9.57682506375367
"638" 6.57554725952529 7.5083828181593 -9.53210095475811
"639" 6.77210232528705 21.5643231915247 -9.53137250538616
"640" 6.85138553761854 20.938160584336 -9.44145111583901
"641" 6.88547562451098 19.3304497398181 -9.25899703463698
"642" 6.95968445774974 20.059477775254 -9.37447203753032
"643" 7.06091559796031 16.0869721286688 -9.38516707746843
"644" 7.13439806196005 7.42378756077588 -9.27995178232582
"645" 7.22697888422184 27.2676742639889 -9.12764035062626
"646" 7.28642325710018 19.1185288607917 -9.09570850980459
"647" 7.35188443324928 2.79532549429691 -9.19535168982692
"648" 7.34999473301552 24.0576535547241 -9.08214576373528
"649" 7.43194417337767 20.3161207317595 -8.91343848957537
"650" 7.47753029130976 10.3559119729449 -8.99091272076397
"651" 7.49162711369694 9.57688673025062 -8.91769717322946
"652" 7.49361589776904 1.67092694667371 -8.92521790649514
"653" 7.65507106666965 29.2863807468183 -8.88450723485881
"654" 7.75070125932138 21.1676381633841 -8.81471309949505
"655" 7.74943592117908 28.8548073162506 -8.7599522214397
"656" 7.89999212754109 12.7264105037517 -8.70719006443527
"657" 7.88420915081563 1.40272978781292 -8.64412522610585
"658" 7.95161948428459 5.37869578623096 -8.68625434681468
"659" 8.01903655305623 26.5524986029595 -8.59237676873637
"660" 8.079249120305 0.424151131349818 -8.57656037650498
"661" 8.21232220611732 17.7605871608795 -8.50308181319764
"662" 8.15981189409371 19.3039378522858 -8.44738779561252
"663" 8.22629736237779 6.71904966154199 -8.31770499758866
"664" 8.35188217771929 25.6538040856961 -8.3271074473102
"665" 8.37775145556185 22.9271175348216 -8.34922262042808
"666" 8.49073098047374 11.7609120724762 -8.20473530418939
"667" 8.64621482547134 9.21477342217544 -8.10332617220359
"668" 8.67871327534704 14.6635365956146 -7.95857551358476
"669" 8.7389413265566 6.33957080201047 -7.97592199478507
"670" 8.81560374774407 2.32540548546161 -7.91966866370162
"671" 8.78327054465866 26.5618405165984 -8.0092133466733
"672" 8.79688689062335 10.6005343465313 -7.8808383651635
"673" 8.86241722866056 4.43420385789397 -7.82988597680881
"674" 8.9658321431924 24.9048912843561 -7.79820999655054
"675" 9.08221873757512 16.4293491016766 -7.63581975822939
"676" 9.08090031811454 24.3331387781951 -7.65626729438496
"677" 9.13015794204787 29.3731587439051 -7.6168780235438
"678" 9.12796802902483 24.1862423686265 -7.53566222933089
"679" 9.08555479417838 29.3550866430938 -7.57417991131921
"680" 9.19226636446798 7.34906363796455 -7.5117568646348
"681" 9.30052977114813 5.61103906495905 -7.44520861769012
"682" 9.36337777072285 6.45041231616125 -7.4563914450295
"683" 9.43880336850917 5.67022161171167 -7.30633246211773
"684" 9.44280014701397 14.3393035708004 -7.25735965449647
"685" 9.63707861183055 28.9911043145125 -7.07368599753739
"686" 9.58580334327238 6.81683237565148 -6.98821421687918
"687" 9.60135768473651 27.2533156621539 -6.99706967122422
"688" 9.66983981755974 4.64169418818315 -7.00112146294705
"689" 9.69651540902829 8.16949791166973 -6.8513549591844
"690" 9.6964900158672 10.4808401478925 -6.98522991652674
"691" 9.76968708070783 9.11450999364739 -6.89571739308816
"692" 9.76601085208998 12.0437417875277 -6.87236615718045
"693" 9.75130911661698 8.26513055244781 -6.90117012223471
"694" 9.85078250071276 14.9204652913563 -6.73226712908804
"695" 9.87523099971594 12.0074314004176 -6.74972377128346
"696" 9.97015170408046 12.9322158170638 -6.71592732409777
"697" 9.90723907243515 8.88554139842795 -6.73354240397686
"698" 10.030146668535 25.5488263640147 -6.61974678668958
"699" 10.0261552445101 3.85162616032767 -6.62401833260038
"700" 10.1228440784837 10.9766298128825 -6.43030285072399
"701" 10.1981639841141 5.24146526965909 -6.34911672194207
"702" 10.3272492439376 14.4513873728764 -6.24491827089027
"703" 10.3090889455541 9.70563075743863 -6.2963000566466
"704" 10.2329649668246 29.8080503608097 -6.14648786603937
"705" 10.2927912267822 13.4744481552388 -6.09742470540605
"706" 10.4887021761035 23.3158615085738 -5.91203975113902
"707" 10.6158633496353 11.5471479332702 -5.77145639180011
"708" 10.6822532113637 7.07624835005689 -5.71949302540745
"709" 10.7496553414171 4.33366256957372 -5.51164889997261
"710" 10.7841479208501 12.2337578328857 -5.43173793170152
"711" 10.8581678978063 24.0813719656013 -5.37489429043104
"712" 10.8573187379765 12.9937650944804 -5.26154307923438
"713" 10.9159021643913 24.0046811675457 -5.29171720745053
"714" 10.9108248497451 15.1877635027319 -5.36129840783176
"715" 10.8826741213729 27.6007685425696 -5.21980160749524
"716" 10.9171178011752 5.5469404111071 -5.17707299978462
"717" 11.0001641076852 29.2374178530012 -5.24552540334739
"718" 10.9300140554471 0.97077734686968 -5.14823919287596
"719" 11.0835042555283 26.3663572498784 -4.97045979249925
"720" 11.0503193252568 27.0084654512665 -4.96504202148554
"721" 11.1314574577953 29.6060954102385 -4.9834953119916
"722" 11.3411390498719 8.8902648294365 -4.50302028854062
"723" 11.2660009643743 1.01982400421194 -4.48368942293921
"724" 11.4016519773315 16.3554282510039 -4.43675214017356
"725" 11.3404389654124 29.8048113169607 -4.43869037995129
"726" 11.2919661805314 15.4897083037009 -4.57018453315575
"727" 11.4275447554176 16.7957158237557 -4.11779214487038
"728" 11.506345645518 12.6522503264929 -4.07793492563915
"729" 11.5489783828333 14.763528482304 -4.02376614289717
"730" 11.5145908033674 10.0745378556401 -3.96259642712256
"731" 11.4915418842351 21.200836786357 -3.96732350645955
"732" 11.5806907546228 2.67558097984637 -3.90890239012568
"733" 11.7046867199564 2.67110866271396 -3.92958174205445
"734" 11.6220102833848 10.5999987431265 -3.94587114777486
"735" 11.7190641788283 2.77281886597191 -3.82908269700394
"736" 11.7091541655919 10.1761247390069 -3.72599611214659
"737" 11.7102597538452 23.0135290065565 -3.78153138958029
"738" 11.7345405753317 9.195245599145 -3.54100010713545
"739" 11.8434680212889 22.7258718672092 -3.45286012258516
"740" 11.7970807512174 14.0626895730328 -3.32321178378159
"741" 11.8321391760956 15.480257704896 -3.26435069427526
"742" 11.9403800234151 3.2521823342877 -3.14809142530074
"743" 12.0485394319605 24.9801624431858 -2.92802818694247
"744" 12.002420848857 15.8690722944532 -2.87025425384769
"745" 12.0715135234267 26.3475781079821 -2.75578772743265
"746" 12.1341894416922 5.98481151324768 -2.65482652671405
"747" 12.1060306156496 4.14012146883175 -2.42225162981659
"748" 12.1564431269811 24.585184452434 -2.30493216739382
"749" 12.2830311727646 2.82049684794264 -1.92162536723277
"750" 12.2850951762881 28.4181112250849 -1.84731833575188
"751" 12.325457348242 24.7443224991116 -1.78756485431155
"752" 12.1484437015243 14.6635195204405 -1.79353831414567
"753" 12.3685611581676 27.4984830774637 -1.7843663085956
"754" 12.3745939288009 0.141450046591691 -1.60293236425833
"755" 12.3240208236123 10.6871344269212 -1.57060568484035
"756" 12.3202292757641 12.8747489836984 -1.59613048523935
"757" 12.3398469920997 26.4185330948357 -1.42635376164692
"758" 12.4280739608441 26.1136341291284 -1.46349115864083
"759" 12.3822128052425 20.442384706863 -1.35610538819316
"760" 12.4447097280573 2.75644979582654 -1.37606001418891
"761" 12.3913572424427 11.3666813668691 -1.30426249306501
"762" 12.4233731136071 8.13241202555098 -1.04138046010392
"763" 12.3862715740288 14.7605716043425 -0.922872891439764
"764" 12.4951006980975 16.8796058410922 -1.04933890272128
"765" 12.5587930008056 15.7972636517554 -0.935651903071893
"766" 12.453024701873 14.6665394191356 -0.952848147254434
"767" 12.4492016814246 8.52680519264619 -0.788507220299701
"768" 12.5575890428919 23.8868760849108 -0.763346160827072
"769" 12.5398124455592 11.0863548370183 -0.588224211973883
"770" 12.5575333645879 17.019755249572 -0.432525425125891
"771" 12.554639317052 13.8003428111002 -0.351450324368032
"772" 12.527393765072 29.9296308545807 -0.349173382872005
"773" 12.5822716270459 26.2898015381972 -0.199094518736381
"774" 12.5792250305126 14.0674880717059 -0.156983112154853
"775" 12.5604912870415 7.25655609958132 0.0358677306139663
"776" 12.6545317202277 21.6981115454518 0.0912784082318957
"777" 12.52750687123 21.0265743157457 0.239615990537793
"778" 12.6095989733068 8.77005000659396 0.321240066493945
"779" 12.5889313746641 10.8538470818155 0.319158483726336
"780" 12.6308466062598 28.2720619961182 0.309501469371989
"781" 12.5984211270797 4.76559829732864 0.476668435723429
"782" 12.5920401560999 29.6074865191362 0.401099174184931
"783" 12.5794648017709 0.322587167579323 0.446571055993546
"784" 12.5804658159274 28.881025832411 0.497247978079477
"785" 12.5731140444854 0.84886278577424 0.425129280118793
"786" 12.6515373915933 18.9369350608073 0.560842770056083
"787" 12.5840071862131 14.5114303726731 0.56042143607676
"788" 12.6703369556711 17.6340343940505 0.671940810449236
"789" 12.7072746123727 27.1037844387879 0.818958488459386
"790" 12.5298617512327 9.85044275026254 0.800479258214972
"791" 12.6796442103895 21.7388176022294 0.990513263464141
"792" 12.6695452061478 21.048352328314 1.04882284251665
"793" 12.6758598449277 12.3015268606109 0.983911147547845
"794" 12.690298718128 17.0055815986438 1.03274933841824
"795" 12.5997691873911 0.0477658020204584 1.27776336693782
"796" 12.5049756312828 4.56075079069206 1.30616328005834
"797" 12.5870508664522 23.0766127540731 1.34188838167328
"798" 12.5346509987857 14.3662471421593 1.30160756906651
"799" 12.5908888229981 18.5914646587748 1.31236895736063
"800" 12.5510112077006 22.1753418919404 1.39216505123517
"801" 12.5307836674833 0.739155857908373 1.30819547977977
"802" 12.6152763891986 13.2171685788931 1.34682670143685
"803" 12.5789021177154 27.4580072685508 1.75682855953589
"804" 12.5030064158354 22.625619100938 2.14755841272314
"805" 12.5083014267781 27.5182022032599 2.07054367877448
"806" 12.5784836254952 12.2377764580757 2.31148855172201
"807" 12.5980118204862 2.97708174287539 2.34551317591338
"808" 12.4569424115347 21.4228789738855 2.38810978745901
"809" 12.4348905784072 1.34728445407526 2.56653992395982
"810" 12.4758404259965 25.1001658268005 2.50500637460163
"811" 12.5636265519747 12.9702226541593 2.56705935948095
"812" 12.4949985928344 5.58244663393141 2.61221597379372
"813" 12.5429965582142 21.4493893409796 2.86869723016948
"814" 12.4306822922535 5.3903383753808 2.77664191333097
"815" 12.3674673305926 5.39537545966625 2.84688319544341
"816" 12.4215114718834 3.9204751460136 2.80392137979245
"817" 12.3737355880332 26.3133932170205 3.1959391358235
"818" 12.3876134267898 27.1667711817802 3.25989223891155
"819" 12.4431026647933 12.938633287706 3.36395150285678
"820" 12.4210941402066 0.319529082953489 3.32932834784519
"821" 12.4087367991145 9.34684571678348 3.34342152765679
"822" 12.2674378982672 25.8928796657428 3.41785031406593
"823" 12.3961770251876 13.8664529239209 3.50076114460229
"824" 12.337375095735 21.636724183417 3.54493940248537
"825" 12.3401395225327 21.2720310168173 3.70610301163197
"826" 12.2551025867748 2.32841328380925 3.94101377755136
"827" 12.3089083463772 16.403178064712 3.9022328643329
"828" 12.2259106260425 16.8699665342384 4.21279978859192
"829" 12.1617728132364 7.88858390360984 4.19077365540547
"830" 12.1413061726135 11.224338667748 4.25164035111558
"831" 12.1286460701207 25.388399255682 4.43156040559288
"832" 12.1085669523344 18.8451294197341 4.5129166813234
"833" 12.069761647855 23.2192538722377 4.58504990507129
"834" 12.0555055918589 20.7611843983506 4.63666122005588
"835" 12.0581539165665 25.1650051005442 4.60031106909002
"836" 12.0210927617542 4.99648259754884 4.69179640625104
"837" 11.9519403661123 28.4875276321246 4.97212737374191
"838" 11.8590745098888 28.6587937558586 5.06622760825941
"839" 11.7873352262169 14.5775353953911 5.37285487796757
"840" 11.8420709382317 20.8836493731406 5.28317778952159
"841" 11.7760606436672 25.4730290471156 5.34659744035315
"842" 11.8130018555992 5.88494273066004 5.64136839924899
"843" 11.7037293149092 6.72506543652454 5.57243621691758
"844" 11.6953548348789 15.7823779733361 5.53753650678082
"845" 11.7189971681377 8.71237435688534 5.52020527334324
"846" 11.5882309395287 12.1198030882085 5.81772654908665
"847" 11.7476531389133 20.6739660625665 5.844533882174
"848" 11.6505225105789 22.0657297595196 5.81423765112996
"849" 11.7078780220663 0.72053552701535 5.9019603389074
"850" 11.49165838039 11.21488966341 6.12557304842147
"851" 11.5692331042321 10.2840177404974 6.04335799583337
"852" 11.5748655989437 17.0039727298012 6.103097905247
"853" 11.5050152359751 26.9164543807101 6.27614703366143
"854" 11.3799090767508 22.5267326356833 6.33106539174185
"855" 11.3522457646532 28.6934058123107 6.45041204569158
"856" 11.3370600488074 10.1979957966554 6.47269506773365
"857" 11.2824515696638 9.79686904324221 6.56658616657372
"858" 11.2477651722575 1.35935190630568 6.57616019603636
"859" 11.3017681790909 18.1650269733268 6.85273447983593
"860" 11.071375058787 20.6480961824654 6.9020767967273
"861" 11.089157965283 18.7702660104735 7.1558315198073
"862" 11.0244522459624 2.99107873987122 7.09901502382183
"863" 10.9868468217747 12.3100071614168 7.1114296773238
"864" 10.9297369866461 24.6110853197412 7.35604362041872
"865" 10.917686567538 10.6903340871893 7.3138333580029
"866" 10.9420403767361 22.3067175437368 7.30400268176462
"867" 10.7682464543349 3.88765540335578 7.34710844743166
"868" 10.7545954577096 20.301636930113 7.71548989458165
"869" 10.7430514147511 19.893685604984 7.67845624580425
"870" 10.562990790876 22.6027088999372 7.90861541099248
"871" 10.6291085887028 27.4970684713883 7.88399195278429
"872" 10.4394990203411 20.8088694462474 8.05890088021658
"873" 10.3582962780821 20.1425284213792 8.2503581323546
"874" 10.3064740196438 5.4967782072626 8.24494639042044
"875" 10.2569977196158 28.2898340932104 8.53099079643642
"876" 10.1457933172805 0.89855488631515 8.45887902232608
"877" 10.1694742082558 10.1593469228402 8.45934329466704
"878" 10.0737102765016 0.0422913063849168 8.66854178082455
"879" 10.054565131744 5.94724742945795 8.73902086903656
"880" 9.94777576706767 13.8338045603154 8.8404466228344
"881" 9.8038327821452 6.59917863193026 8.85896520559897
"882" 9.81608015126708 23.7568955013207 8.93803864515999
"883" 9.73576929926594 23.9155237074078 9.03069807967245
"884" 9.78358921998569 7.26983144478879 9.05346985394226
"885" 9.71867750376256 20.6940505297296 9.05591441220233
"886" 9.74598657199838 23.1363629441839 9.19216862650123
"887" 9.61201895752774 11.3698423759882 9.11013788104301
"888" 9.64126141938658 5.25588696446233 9.17101207153505
"889" 9.48749726137903 5.05582191224305 9.41452777834045
"890" 9.36467921505233 9.60412209626161 9.46995764521645
"891" 9.41163600810227 26.9784082026745 9.45785329192813
"892" 9.42821790602399 18.7449855030383 9.43044663679561
"893" 9.16496257842435 20.3152395231719 9.77925104593682
"894" 9.1608616252843 7.80414423382579 9.71183997829613
"895" 9.12465030019056 21.6712846363531 9.77610284892554
"896" 9.08611436328127 7.75528141345927 9.78469474630018
"897" 9.02683983540753 29.8975009267644 9.85676201939862
"898" 9.00780950638283 5.15035253410865 9.84684111963746
"899" 8.87643276965724 11.8061863689649 10.0452424014388
"900" 8.81124202344341 6.63910835866735 10.1570877677226
"901" 8.70507624649797 0.548555960422064 10.247900033794
"902" 8.75443227443202 18.6866678041657 10.2613156375705
"903" 8.80775787035955 24.9212883104032 10.2869812676681
"904" 8.63173708536432 27.1606176063229 10.2456234484858
"905" 8.72622325581861 17.1106561718931 10.3431572583549
"906" 8.60029042454675 30.0182640160066 10.3688448535786
"907" 8.38306981730942 10.5413784447367 10.5131435086697
"908" 8.1833493818448 9.53798689513386 10.7240277802852
"909" 8.1298822127215 15.0303532177244 10.7805434539522
"910" 8.07963414183274 11.5289221404747 10.785452319115
"911" 8.01943245719154 13.0736588066619 10.8291614898507
"912" 7.97230193796047 19.1403378682785 10.9010760365372
"913" 7.89536832649175 7.16913867938645 10.9690209137613
"914" 7.78625288857506 5.17824557184231 11.0435304449011
"915" 7.75249246919381 23.2766152862539 11.1193253284127
"916" 7.67326867173135 4.05335922084042 11.0119702360019
"917" 7.70990889600111 14.6758596162237 11.0791435501916
"918" 7.5132021630737 12.7134761506169 11.314131726359
"919" 7.37430971608532 17.000666694202 11.3798078786713
"920" 7.33537727550637 27.8108209883562 11.463544012243
"921" 7.3025919046263 26.9762342026191 11.5051777503918
"922" 7.24952157291381 18.2513368784003 11.5834194073098
"923" 7.02778376595541 15.9814897895638 11.6306394661131
"924" 7.02658693506376 20.3902917987673 11.6945451886636
"925" 6.88917365990248 22.7031535888407 11.7013652564801
"926" 6.89118608858646 15.474467155474 11.7053451909972
"927" 6.68616721386768 8.60599997735828 11.9372085255955
"928" 6.76338754441559 12.0411396460887 11.8125401899615
"929" 6.75615595497935 11.1290729438998 11.8950425682362
"930" 6.76612000186212 18.3946513829658 11.8914444489669
"931" 6.5772464493361 14.0008088949593 11.9688436996844
"932" 6.41710911889968 2.21776492512412 12.0306536864961
"933" 6.38504425336041 10.9546922417593 11.9778589586985
"934" 6.37420193182592 27.7869147849409 12.0672592818031
"935" 6.13051220010873 27.1549098044366 12.3099548301475
"936" 6.1497783375188 13.4010360471155 12.1580889099744
"937" 5.83435374005341 2.56716882702293 12.3506078251212
"938" 5.88817076157302 8.48261944001728 12.406883894464
"939" 5.81291108201013 0.125287462873322 12.3479890168327
"940" 5.67141921928922 8.23903169729211 12.3600204969519
"941" 5.57534885320352 23.2936238221888 12.5326985633367
"942" 5.3791993928214 22.5087461882751 12.7062451315898
"943" 5.15865806767302 12.0432742546688 12.6046216897386
"944" 5.27879088352197 18.9364256360336 12.8093680008822
"945" 5.12358967996508 8.87161709993203 12.8721291645691
"946" 5.079480354479 6.84805281216071 12.839497414201
"947" 4.86770080780441 28.1080361978439 12.7716995251053
"948" 4.88401114424748 21.2138073973293 12.8322216675787
"949" 4.83352977944868 29.5551363099417 12.9035964772377
"950" 4.70325468962077 24.5326414369212 12.9352299474292
"951" 4.53992204472391 14.805285647947 13.0979235856645
"952" 4.45016059376335 9.3343281169619 13.1505861993654
"953" 4.43527109932405 7.02886052821587 13.0618929287807
"954" 4.28545666123469 2.57525866354774 13.2129323551854
"955" 4.25713972732999 18.1940473334103 13.1399550541865
"956" 4.19200110189306 26.902458494212 13.0693643655736
"957" 3.9371232178935 7.5216176857017 13.3052781347669
"958" 3.80360936314429 9.37760168088682 13.3854596506896
"959" 3.73929261480009 4.20653188241761 13.2561196747752
"960" 3.68965297820112 4.53756070446177 13.3208277688336
"961" 3.58210518566342 29.8280634407578 13.4029387699948
"962" 3.65276201309035 13.8524093444286 13.4511870089607
"963" 3.4763185236016 19.1163341655213 13.3688474511154
"964" 3.54868013660647 15.3159965061169 13.4463048546613
"965" 3.47468602326003 26.5324585921844 13.4238518287779
"966" 3.4400160943712 1.96034694356373 13.4746884298647
"967" 3.14637032360745 25.0326287002017 13.4489971050773
"968" 3.20675604582241 20.6395857077752 13.5348230919127
"969" 3.06186971524701 0.769334584388535 13.5339386832563
"970" 3.05834530895067 13.3915758146735 13.5961414761617
"971" 2.94198089458208 3.85776005033032 13.6891597496019
"972" 2.88034838607165 18.4468496744107 13.632852387556
"973" 2.74296113882661 0.594033267378163 13.6210292374227
"974" 2.73466730060855 10.3652705714912 13.6278138995758
"975" 2.32055455030119 12.0276981983787 13.849152073248
"976" 2.16908086377479 17.7893734969031 13.8010424354209
"977" 2.17855841148438 9.06277381039306 13.8952467503008
"978" 2.00822251833485 0.450948568805662 13.8109644435933
"979" 1.9843263890624 6.05808742449869 13.8708996389639
"980" 1.81051642371752 17.1234748782446 13.9164652339947
"981" 1.83311480998485 29.1977086686533 13.8718401201088
"982" 1.77966959970273 2.7851414199679 13.9320743135449
"983" 1.79106814843118 18.69787249899 13.8381644300343
"984" 1.58810499876816 6.87831663278684 13.8542260454576
"985" 1.63306982124635 26.5857713609577 13.8678150194788
"986" 1.55092956446121 12.7350488655651 13.8800821461734
"987" 1.61870190187902 18.320220522602 13.9011672414575
"988" 1.61132744352873 2.99755277635245 13.9655708546328
"989" 1.2322063939676 0.501958935846449 13.9879494982774
"990" 1.29485608462509 17.4758488676874 13.9629116940217
"991" 1.23467803250641 13.5713266405898 14.0226387551822
"992" 1.2275385254556 20.766546033658 13.9770371043207
"993" 0.984832525532593 13.0839413198853 14.0522095789913
"994" 0.901982523235401 22.717701566945 14.022506547908
"995" 0.829990543824315 7.75547714321197 14.1174214233455
"996" 0.519111241766423 14.8539034463361 14.1366282876831
"997" 0.529790244975342 24.2584935447362 14.1888643026024
"998" 0.383192627356627 7.95493908437038 14.1058775895441
"999" 0.212252700017218 21.8328617719722 14.0847337626664
"1000" 0.0197182762233049 0.251620634821534 14.2486777935798
