"x" "y" "z"
"1" 3.06748084498802 0.0293853358836989 0.0278156207743084
"2" 2.95688740080588 0.0197172941051914 0.135456672691978
"3" 3.07397652170622 0.112247931618049 0.182775254825396
"4" 2.96136419297948 0.0809424562940355 0.214271871824569
"5" 2.91311575108522 0.117770264848582 0.25312459255298
"6" 3.00558678014564 0.0439633552483351 0.321084296734247
"7" 2.92548307696851 0.0337110851415986 0.408315297817575
"8" 2.88283557689358 0.11948027867111 0.450176527005876
"9" 2.86863761148374 0.116117978296796 0.360573538622134
"10" 2.81885990162716 0.178573666955395 0.447445499532093
"11" 2.7955842298529 0.225818338756582 0.436204011481398
"12" 2.81605533540792 0.153438616606163 0.585868585052489
"13" 2.77718202093464 0.20978437617117 0.562096127285474
"14" 2.77278901648357 0.266184940828228 0.610920391995663
"15" 2.68073394575129 0.21823591579539 0.696967754528694
"16" 2.69224838175521 0.386051185883492 0.689698667097163
"17" 2.68721309610501 0.296438817978805 0.724659395448144
"18" 2.70281414642567 0.184483495810088 0.722605663607781
"19" 2.54550177178975 0.196454627363876 0.886425338373446
"20" 2.53033588357021 0.335932715516547 0.938636971860412
"21" 2.4579779310721 0.361606578661714 0.915810395110221
"22" 2.41400799335459 0.323741770732361 0.985236995094996
"23" 2.39526857189337 0.345847895889975 0.958818747326729
"24" 2.27633172827406 0.266215632920515 0.936077608073208
"25" 2.26184804061409 0.35616341485884 0.923587604772218
"26" 2.23892836800628 0.380725482784167 1.00028482830686
"27" 2.17437815421713 0.421923809675779 0.946829817559781
"28" 2.06536150990456 0.374498497640566 1.03737029131772
"29" 2.11152327655672 0.346430407337406 1.06735228051811
"30" 2.01253200547104 0.364029665316122 1.03835877981644
"31" 2.05131149582931 0.429823665364142 0.979199477693829
"32" 2.03664659681945 0.374918144553956 0.959114915183476
"33" 1.85613769842815 0.422174985444061 0.979236797123401
"34" 1.9471245066293 0.447103502176062 1.06792149272285
"35" 1.76114380417121 0.303636728462162 0.946498411371042
"36" 1.71215554035418 0.323409390250181 0.933914622779244
"37" 1.66568078241819 0.401177757135509 0.928039027850314
"38" 1.59166423014765 0.268642076063672 0.970066872178705
"39" 1.527899859142 0.435682010075143 0.95128220295479
"40" 1.54372216226971 0.472133064875344 0.894025126672437
"41" 1.57306619580507 0.413645889957564 0.822245864999877
"42" 1.47543111375032 0.327387871047974 0.85985347239054
"43" 1.40790282795673 0.312571181240439 0.940549164715426
"44" 1.2751244039623 0.45594726467848 0.836266397029391
"45" 1.26128580550127 0.34018514889942 0.853795909766669
"46" 1.2235097587892 0.284754312247484 0.744139227402734
"47" 1.2872769158398 0.362838163672211 0.686440578317099
"48" 1.22822374951436 0.423928006963719 0.691686633716774
"49" 1.14482208346127 0.401188349377603 0.657651735905949
"50" 1.14667218303154 0.35296701789872 0.511964086493476
"51" 1.07679695885858 0.429551701999154 0.529215378914495
"52" 1.01441807929692 0.458620061977062 0.518871652748703
"53" 1.06885392224595 0.345544161782638 0.517868547388178
"54" 1.04347295589989 0.502008612764487 0.484282319585087
"55" 1.10485137614737 0.403708463097352 0.323333299680039
"56" 0.985901264510094 0.33032482259112 0.301732936366722
"57" 0.907641357364177 0.425749607357634 0.269404603852608
"58" 0.939005998372211 0.332756940324339 0.268413866498845
"59" 0.934823808132309 0.338980964366324 0.19451997492313
"60" 0.842394225316356 0.378044470626339 0.147694095645006
"61" 0.8835728558415 0.298644731535601 0.0433089014563416
"62" 0.908562208781414 0.352468396475711 0.0369767722432883
"63" 0.872483869998904 0.428339015069589 0.0147903407122957
"64" 0.916404754075392 0.272956980229943 -0.0558790013037425
"65" 0.874660158798046 0.3612138819952 -0.0993062924626407
"66" 0.970373847115357 0.395938911791222 -0.182850925175234
"67" 0.979011966964493 0.446199348861159 -0.246812573872029
"68" 0.886252372843264 0.460667264120287 -0.268847092839511
"69" 0.980043842939853 0.474801982308252 -0.338069299338648
"70" 0.962532044571891 0.451966380150926 -0.426880437061277
"71" 0.982648632344135 0.514732612541342 -0.401834867926007
"72" 1.03795168838414 0.476700467711131 -0.473256112600817
"73" 0.972572330961139 0.525449457204575 -0.493794833796654
"74" 1.0705670312841 0.57318319618051 -0.521059394003773
"75" 1.13911002678858 0.513494017623918 -0.682752185336561
"76" 1.09403769334431 0.545736675629938 -0.717523928152056
"77" 1.22988531164591 0.60155377022802 -0.765454867585142
"78" 1.12940358400144 0.62213826542147 -0.644931340469076
"79" 1.11861497015068 0.616250445176659 -0.738426078850377
"80" 1.20681479694825 0.593122311033969 -0.740529643075353
"81" 1.17620038954281 0.638593287127229 -0.766849536893531
"82" 1.23099030297484 0.624336800449482 -0.860517782317021
"83" 1.31335620108965 0.640824342890469 -0.820338515491174
"84" 1.28279475630454 0.725880676861367 -0.849752374218856
"85" 1.47266732642739 0.714481419523917 -0.899340128156592
"86" 1.36064968662904 0.868713427820628 -0.88041016933692
"87" 1.48825248625386 0.893807108788625 -0.961078149562097
"88" 1.52836918654861 0.836219874591079 -0.977520004398869
"89" 1.49959705093474 0.863974483776456 -0.904570650517588
"90" 1.51702525129849 1.00355616085083 -1.09751969548509
"91" 1.59733102323561 0.914310723604652 -1.00903444650406
"92" 1.5539761176284 1.10065350357856 -1.00987333140145
"93" 1.7299462210299 1.04255456687981 -1.03362048323229
"94" 1.6807405788244 1.16953747513327 -1.0535723761206
"95" 1.72750290672748 1.15811828726188 -1.0507015812692
"96" 1.65287073864132 1.2169216038331 -0.976337036731967
"97" 1.80657425812314 1.29122244954411 -0.988196871187897
"98" 1.71868698611589 1.31099740274386 -0.98148418026345
"99" 1.85363773291065 1.35548950357093 -1.06074919882917
"100" 1.87244662860808 1.38157027366277 -0.969438042005216
"101" 1.85624057186187 1.4467431235133 -0.986414205992122
"102" 1.92688835729867 1.48386529643945 -0.967689788628336
"103" 1.93929982389707 1.56251958393347 -0.906116742086404
"104" 2.01288939208308 1.44885172413182 -0.895232244609163
"105" 1.90602883974369 1.56960707714445 -0.873929725147534
"106" 1.96360370959434 1.52319988108834 -0.829858534627566
"107" 2.04355430716382 1.5288896436673 -0.74802106589582
"108" 2.03113656771468 1.63114459211828 -0.770027407275852
"109" 2.16739426607723 1.74319894299122 -0.724475974207287
"110" 2.0721254228417 1.75742957136269 -0.71236246497082
"111" 2.187912576389 1.74949969042916 -0.583146144591481
"112" 2.1688605031773 1.81469198142956 -0.520304707578958
"113" 2.19163151067545 1.83254873358389 -0.54712367923332
"114" 2.12859527978264 1.8830475793525 -0.51164023059509
"115" 2.01383910028312 1.8807453233256 -0.49050774115022
"116" 2.17079943828065 2.02576479907569 -0.518288872985678
"117" 2.21803644705935 1.88498715304935 -0.422296895363323
"118" 2.15347165149797 1.91130757948848 -0.32685452539332
"119" 2.1835060237575 1.97893464829536 -0.272127743477526
"120" 2.18184982417315 2.05270689486683 -0.266898407845455
"121" 2.14877923992553 2.08624097534558 -0.18101857046285
"122" 2.18792349940222 2.11655223756491 -0.159167854109283
"123" 2.10101300252938 2.05628955807935 -0.0751588205430959
"124" 2.10187559534789 2.11158231605626 0.0182268816610203
"125" 2.04974605610357 2.11102089881893 0.0449140737693153
"126" 2.10581602297552 2.21737340690739 0.0646079325022676
"127" 2.14669232244692 2.18528564224485 0.156867630107517
"128" 2.09061923114765 2.2096032928335 0.121047457790909
"129" 2.05697536826662 2.14417071145999 0.184452769426624
"130" 2.03621747647349 2.14666845233015 0.200915014306071
"131" 1.99187913219833 2.10264585326543 0.334978576389985
"132" 1.94073860347262 2.25098703213275 0.392055079532879
"133" 1.88719111289706 2.1644821400773 0.328932385058098
"134" 1.98252910372491 2.19158436330556 0.421922256989371
"135" 1.89452521908985 2.14624167078202 0.446551967128668
"136" 1.85123450087144 2.20318440314742 0.517241426513382
"137" 1.84429568747095 2.13629330224593 0.660092305863537
"138" 1.69765840635354 2.18567107002793 0.65900935574531
"139" 1.82566596511337 2.11351935806451 0.634390421650754
"140" 1.79254312673397 2.07729286156112 0.699522677596332
"141" 1.71970119097417 2.11443426774885 0.722949674798295
"142" 1.6762913357915 2.01739518802784 0.732601774012489
"143" 1.71297710517416 2.13457781849343 0.826198571872163
"144" 1.64852993620173 2.0374004762119 0.744709427811045
"145" 1.4930349867615 2.03242976686736 0.813579747757129
"146" 1.5164600277414 1.93550720486914 0.879320953502381
"147" 1.47450519018432 2.04841088396258 0.922777823841141
"148" 1.42765259886464 1.97876325829653 0.98747599599763
"149" 1.38134905572402 1.84980611263554 0.953651404296488
"150" 1.40504256576314 1.90201560843754 0.976534742595529
"151" 1.37651059344384 1.89114726872844 1.0017990603861
"152" 1.18521723884058 1.71844517292834 0.936558595417308
"153" 1.19357220326659 1.71013370080785 1.02432289338042
"154" 1.20524040364837 1.70838501593417 0.916425787735651
"155" 1.07230694595572 1.73636711259561 0.9102007146907
"156" 1.03780469161913 1.67398954767297 1.00830274462815
"157" 1.04514170475444 1.59631198153935 0.947919716429724
"158" 1.09010240669593 1.6892782409489 0.97968024196241
"159" 0.933605662873078 1.56097444822128 1.00307290422176
"160" 1.08830288790913 1.588780175394 0.985272447627908
"161" 0.911274666613262 1.47255574193001 0.993710182275669
"162" 0.99578635075563 1.45154430920997 1.03855672389595
"163" 0.949372896684009 1.43477319925254 0.961975959925077
"164" 0.859124125695043 1.46276435706784 0.981886400525534
"165" 0.783102172198643 1.40547263297801 0.879404120811909
"166" 0.658975648055744 1.29099592809877 0.842843762787473
"167" 0.721256241139013 1.28859216787784 0.855400945355761
"168" 0.692756112105405 1.23457695718803 0.820394496149523
"169" 0.653073838016429 1.13908922397905 0.886450412484088
"170" 0.666713227832128 1.18060411594538 0.804916137782039
"171" 0.681788270992576 1.17729723314801 0.663062254363046
"172" 0.625902762901469 1.12408519320507 0.664506087867609
"173" 0.556466867957589 1.23188456352333 0.576170045855554
"174" 0.434977194118646 1.0942837579458 0.618420776849331
"175" 0.677958032128366 1.01985865242637 0.526942006865568
"176" 0.520109237763866 1.03872696033541 0.602730202952665
"177" 0.468770614564422 1.0637129743678 0.470587350912316
"178" 0.558812887177892 0.912863993540806 0.465828053025744
"179" 0.451287907174899 0.904924578613447 0.425216493189504
"180" 0.478787120476419 1.00391937785673 0.372486987238291
"181" 0.54600268583366 0.904767631724778 0.349024010658444
"182" 0.47402541133702 0.934486541402312 0.304019192148995
"183" 0.368178461336453 0.901330582343775 0.154226433948223
"184" 0.501717450807475 0.908753989331087 0.172150419129147
"185" 0.359157251780272 0.940172144520852 0.0646817534844434
"186" 0.49662097306664 0.871905555213259 0.0691429916432726
"187" 0.37766980387325 1.01528893902071 0.0662140121772311
"188" 0.338087281335503 0.862589870519087 -0.0673820598795689
"189" 0.39438230515006 0.924138284674298 -0.106794589720361
"190" 0.422935993317972 0.869046361391593 -0.0662351492307263
"191" 0.379862585999346 0.929585106586162 -0.262185476101492
"192" 0.370884210659104 0.909312022924244 -0.321544939745741
"193" 0.267048157334208 1.01588024605098 -0.262384208668628
"194" 0.345504257321656 1.02328040333314 -0.345259280017699
"195" 0.336041378888728 1.00678196420582 -0.314888613682823
"196" 0.320582279123329 1.02482408087036 -0.337836558331663
"197" 0.316274482846569 0.981523111144125 -0.429570071887898
"198" 0.417897875348279 1.07772825903784 -0.443168734643222
"199" 0.357865248013361 1.0034692516665 -0.541440053794794
"200" 0.424860665981727 1.16507258701748 -0.558701746380245
"201" 0.327932042379658 1.11507446509292 -0.563264101081629
"202" 0.306035884670615 1.19086023679761 -0.689421484325315
"203" 0.406065963068828 1.25255332575673 -0.791481468006584
"204" 0.34793962736651 1.24843472395489 -0.81159618889627
"205" 0.350055287083495 1.27614896564815 -0.735645800527518
"206" 0.397887042117978 1.32676867694613 -0.836356675370768
"207" 0.331379948191582 1.463766473968 -0.921039549162597
"208" 0.448811185821169 1.4091900165175 -0.85231704495347
"209" 0.487455595725504 1.50581135193326 -0.85405258671315
"210" 0.438684765804044 1.55331437657355 -0.96916662005268
"211" 0.32512171832639 1.62405416516887 -0.873776654874409
"212" 0.437472608893741 1.60688173500376 -1.00897348100358
"213" 0.390625003982349 1.75061952043646 -1.08051702120372
"214" 0.309710992742839 1.73606237109895 -0.925176384498358
"215" 0.451938761477114 1.78952039912469 -0.958203231310404
"216" 0.409884280044452 1.80062157868172 -0.914743802986362
"217" 0.335177875322908 1.85475990909206 -1.07964154216535
"218" 0.380902141889562 1.88064956469469 -0.935613404775263
"219" 0.393901464587416 1.92524499040333 -0.864709726044898
"220" 0.349802855171388 1.97479283136354 -1.00687789990011
"221" 0.348074617271383 2.07459103213256 -1.02411497092871
"222" 0.439270894248381 2.14213399831971 -0.979635509541245
"223" 0.32272847677738 2.28131327537411 -1.01370350435385
"224" 0.391473462640487 2.23835489955849 -1.0081902640823
"225" 0.324624204904353 2.32818740260055 -1.02594712181227
"226" 0.410855720929148 2.24859827543982 -0.908221971835732
"227" 0.338039080951736 2.36310741051463 -0.908074237020731
"228" 0.353390945839468 2.41023180771329 -0.87821944521297
"229" 0.406193858199492 2.5454782974115 -0.950399993811747
"230" 0.263541242243977 2.61645170513662 -0.824335389671127
"231" 0.351040725929376 2.52884759597773 -0.868566209295579
"232" 0.202886707713594 2.6404853721005 -0.81076866282318
"233" 0.343863040790598 2.63964361524054 -0.733752474539664
"234" 0.309778083415637 2.68207865042506 -0.643830100442571
"235" 0.252573030618857 2.74959753201835 -0.683556599866536
"236" 0.207492439642149 2.7174483078262 -0.697524859091861
"237" 0.217977560278898 2.73870948029503 -0.546140272208862
"238" 0.14523502581476 2.81473832152836 -0.537224406955573
"239" 0.146691315091136 2.90139386929048 -0.472154438751395
"240" 0.247373394338944 2.87870222574849 -0.399408381153639
"241" 0.0712729545241379 2.8195052468281 -0.40890238941211
"242" 0.12856287936659 2.86600278717277 -0.430022178005008
"243" 0.0371453214740211 2.96970583155571 -0.363794184075227
"244" -0.0168122100172501 2.95659735560598 -0.300572322350693
"245" 0.143677840093883 3.02356708128161 -0.265717114158337
"246" 0.0262379103250195 2.95514905168972 -0.228236250062073
"247" 0.0220493906018739 3.02472559420801 -0.122958062354063
"248" 0.0305005296042507 3.00718906250986 -0.0714169976192093
"249" -0.0501527998177558 2.97363823325528 0.0529921664127326
"250" 0.0316477591826121 2.98693055023875 0.0576881369060679
"251" -0.0117621172719731 3.00168942554356 0.110491469812775
"252" -0.0323949956718944 3.0403260470917 0.0514070702726925
"253" -0.0107376767836084 2.94422537259913 0.188632776492105
"254" -0.0921344178300093 2.94447817235804 0.237371150115445
"255" -0.083090264203308 2.95458365763216 0.273375923752067
"256" -0.134546965619924 3.03391417310839 0.226862705682289
"257" -0.271196819577078 2.89738540153906 0.414235887879977
"258" -0.173743483076341 3.00545644839704 0.358656752766125
"259" -0.105791922218679 2.8413830957696 0.421180504896056
"260" -0.177828444591484 2.8819242659706 0.537389136256651
"261" -0.233815463117981 2.82993603653712 0.58464309996705
"262" -0.16293800053643 2.80730999131098 0.6448607956719
"263" -0.0888755901600249 2.88283031587557 0.644785910266524
"264" -0.141625293362585 2.77097845857293 0.71019627450186
"265" -0.280834607615003 2.71704523024194 0.741419751203088
"266" -0.307758925799907 2.63827899048085 0.732336461138221
"267" -0.373013591353603 2.63787438839022 0.757430312167301
"268" -0.372403861279334 2.55050507034549 0.794478517140319
"269" -0.329607320628772 2.57824648902567 0.854898067664066
"270" -0.258467986568356 2.54877987046355 0.796930403006171
"271" -0.336541352951511 2.55315193949033 0.826522953917071
"272" -0.340281492302993 2.54604093800644 0.899705059569904
"273" -0.35467551955403 2.47056520295774 0.963496178007498
"274" -0.298458244804472 2.38042087871516 1.00268888489502
"275" -0.352134839965087 2.29089395201219 0.9710031858284
"276" -0.347031399490745 2.25234736276864 1.05012888095555
"277" -0.391082539940711 2.16722546009837 1.01956566329964
"278" -0.419956752241678 2.14574993979914 1.03033212700402
"279" -0.405167661878459 2.05924833624206 1.01464906861356
"280" -0.33370142583971 1.92470806338695 0.989579705912462
"281" -0.376653319387102 1.96002705140272 1.07438552031705
"282" -0.375096335785243 1.92908015217872 0.99655307250917
"283" -0.392476386952035 1.8239079999494 0.992429474099834
"284" -0.5142669896394 1.77100754914308 1.01391426471664
"285" -0.424960692869476 1.73354922927049 0.887726568053649
"286" -0.408389728875639 1.70367940504739 0.998814265546745
"287" -0.419035509251857 1.71199377831074 0.935233205152639
"288" -0.36229470978491 1.5986632659996 0.914527992044015
"289" -0.26819444229838 1.56669998834546 0.961556457198246
"290" -0.38066797990454 1.50612807765282 0.8166025023215
"291" -0.331013123704519 1.46345219322933 0.934016070812343
"292" -0.485721993346856 1.47710586950195 0.909163193596796
"293" -0.382970928472348 1.41064337563018 0.822299628992174
"294" -0.373411234170837 1.33439515643848 0.809444903395617
"295" -0.365602781878158 1.38161785631962 0.835829008197918
"296" -0.318716508812404 1.28109394715895 0.708075235638089
"297" -0.260487765698671 1.30659955835192 0.64078786928022
"298" -0.374464013384854 1.18707418392821 0.654876694688088
"299" -0.347983714068307 1.22095426822151 0.64894916507637
"300" -0.434853587164056 1.11583897432326 0.477166346074767
"301" -0.317845336889657 1.19083137743753 0.527729616788131
"302" -0.348489310273823 1.01030242285495 0.517220080998789
"303" -0.360041666621774 0.948346027507972 0.506182421430579
"304" -0.372148823532589 1.08286922333901 0.32351765396566
"305" -0.365089022808871 0.943290235794889 0.338149365409204
"306" -0.367127904639522 1.01318693860553 0.304538156372409
"307" -0.343589078601401 0.992604902880436 0.36745316174323
"308" -0.375506678971932 0.992199698240052 0.25700431579766
"309" -0.337614355363017 0.868341990404641 0.142774392225119
"310" -0.367345396575779 1.01727246567411 0.1805351355628
"311" -0.373372196933729 0.926974684184129 0.0188013066794689
"312" -0.39846516506643 0.922754858724853 0.0706823826550886
"313" -0.359628028800075 0.889617323808543 -0.0760791353321839
"314" -0.374482452509333 0.88184294789328 -0.0775463507934057
"315" -0.317096213394547 0.915479641790298 -0.208600087938004
"316" -0.383886017530812 0.889333477903098 -0.195840721298959
"317" -0.464266673966814 0.983280885290302 -0.282091042424984
"318" -0.441759769644716 0.945371715005227 -0.302899442367238
"319" -0.347405518619331 0.898022841144283 -0.299754300823103
"320" -0.509238530114035 0.963601072013577 -0.237873926170446
"321" -0.496553973466853 1.07503569117105 -0.373542782140869
"322" -0.57242190990195 1.03914482461212 -0.452453689164166
"323" -0.549086444187142 0.971177462746892 -0.661290403855415
"324" -0.585161172355184 1.00107805997224 -0.574090072859337
"325" -0.606319315158574 1.03928784179694 -0.579090209198694
"326" -0.640726009277756 1.13587897983945 -0.636213550235715
"327" -0.625340313451292 1.0206256329143 -0.602991894186828
"328" -0.619833059433574 1.04456632989002 -0.683769748926333
"329" -0.620510119129009 1.20105483941919 -0.718439351342747
"330" -0.594477630727537 1.2299914089341 -0.740450385140277
"331" -0.595450889516762 1.21392462431019 -0.780430473590697
"332" -0.797453044000461 1.20973603758977 -0.792854299299794
"333" -0.747545909889057 1.29651176694675 -0.789691751752267
"334" -0.7281747010741 1.31762997518815 -0.87627996705517
"335" -0.819235920241303 1.37581873686579 -0.857118669973691
"336" -0.821443492950158 1.43129780338063 -0.877113627883699
"337" -0.84599928762566 1.43354454772127 -0.887003081976621
"338" -0.880865843414693 1.46716731090729 -0.891207740181023
"339" -0.899260661986264 1.40839149481875 -0.934214070406941
"340" -0.933693511288489 1.53498186318384 -0.956901202267868
"341" -1.06091547900103 1.56886110713202 -0.874486536329453
"342" -1.00059117828762 1.61943083275846 -1.0001466696385
"343" -1.06276197961663 1.60625219867351 -0.965549267737464
"344" -1.16689859930673 1.73721911390402 -1.11451080801393
"345" -1.16486311483701 1.57744045178462 -0.987083039460818
"346" -1.20790243349072 1.84961017464745 -1.07803197870738
"347" -1.24349148798329 1.73539705199324 -1.05028540961893
"348" -1.3062325821082 1.8444463467728 -0.942486405442997
"349" -1.38672305781503 1.92077851763445 -1.01839999242524
"350" -1.30282895691542 1.84145794131445 -1.06907110387886
"351" -1.35659518871391 1.86268024909666 -0.964292190365303
"352" -1.48038839534849 1.86615168433209 -0.892428301054579
"353" -1.44552769385348 1.9667779471968 -0.889546903556629
"354" -1.48910810651859 1.96009471397918 -0.839378102828899
"355" -1.57325726556978 2.00703497852887 -0.845483993488707
"356" -1.61666487175139 1.99601402989521 -0.761112147498013
"357" -1.59534008001186 2.08034365277041 -0.812411303913641
"358" -1.63158745575357 1.9750583071564 -0.690609823812202
"359" -1.75120700330324 2.11158593131067 -0.790974964884081
"360" -1.72275053500443 2.10452744379877 -0.764834085759042
"361" -1.74154813428214 2.05892227157216 -0.681603984005121
"362" -1.72764483509418 2.16765662976959 -0.531320623547154
"363" -1.80836460840897 2.19101535543615 -0.611464314706665
"364" -1.84969466902517 2.14723157066705 -0.510239063707103
"365" -1.86235718161006 2.20160120184924 -0.467113851355262
"366" -1.97433830838879 2.17693358356189 -0.415809466519587
"367" -1.96883207964635 2.09161361605191 -0.396645805332615
"368" -1.96863106399427 2.21929403789777 -0.32460826862625
"369" -2.08773115784289 2.14848353284205 -0.386684674045493
"370" -2.0128455312955 2.15495787746245 -0.155867511924815
"371" -1.99195749515359 2.16854203633132 -0.136478202135975
"372" -2.04252665845961 2.03027547032873 -0.188332480507789
"373" -2.00207446587943 2.17152321759385 -0.0135608820447072
"374" -2.11794380683166 2.09018614813273 -0.0404799099721056
"375" -2.10924162159942 2.14064557037964 0.0453070601480074
"376" -2.09991426389219 2.22148307052154 0.072235271884522
"377" -2.1684097457483 2.06809397099419 0.165667442015122
"378" -2.11157541627662 2.03848281789442 0.106311640399944
"379" -2.14742807788495 2.00138697160855 0.0950566284509619
"380" -2.04324808789349 1.99632322405904 0.27298374563017
"381" -2.23763296431232 1.99240716733664 0.217347476335269
"382" -2.14409412843883 2.06521639011408 0.363455478650036
"383" -2.239039539305 1.96856734523927 0.445387289897875
"384" -2.13323611399715 1.95467554294888 0.458995502688248
"385" -2.2067228229744 1.87444205629708 0.516163514208846
"386" -2.15455292354983 1.83900972784974 0.546663977012454
"387" -2.09765563917492 1.84438781172906 0.558094139619488
"388" -2.21554815397764 1.75244553472859 0.626910462103431
"389" -2.1516601333215 1.84249412522663 0.652820889022314
"390" -2.16587186988426 1.78706297134845 0.693571250342783
"391" -2.03094712000235 1.7319552388122 0.764117511105883
"392" -2.06958809538087 1.70083862014999 0.718388773612984
"393" -2.04785013877209 1.65562018102504 0.806580201325233
"394" -2.06256106235438 1.56679768681642 0.84817299277855
"395" -2.00322279128662 1.58279469323443 0.790738123171893
"396" -1.95093892589769 1.48077627471835 0.884149809437216
"397" -2.04367106848703 1.46167073039823 0.938549783740053
"398" -1.93272414819243 1.44648473743518 0.920673226978711
"399" -1.90439002463525 1.47538811675111 0.925521565379031
"400" -1.82934112912849 1.33777346388615 0.941357529640811
"401" -1.83825778603738 1.27902387756335 1.0043753038304
"402" -1.81397883333445 1.34151600117029 0.910905284995416
"403" -1.77944220390105 1.22655407701071 0.886091061627657
"404" -1.74843286255806 1.20288682288096 1.01643320331794
"405" -1.55800826172424 1.20545408066837 0.904611722694844
"406" -1.72824013841745 1.14279236394535 0.975206211542463
"407" -1.62940132603656 1.06854873436039 0.994526131686677
"408" -1.62343333872345 1.05484086757365 1.04733074613287
"409" -1.53104406419661 1.02010327138123 1.00681010793098
"410" -1.51238491159071 0.989551098450148 0.953595152892489
"411" -1.47207675343036 0.965789147881301 0.960185879327538
"412" -1.42388928506092 0.911867501063337 1.03243851238835
"413" -1.34511422607297 0.908689058423176 0.907273014295271
"414" -1.33586352000382 0.903103659010049 0.905772568016971
"415" -1.3264681501447 0.860817514386842 0.821651869980518
"416" -1.32846769427407 0.719958625752848 0.830010162834104
"417" -1.22912516002497 0.688160403256528 0.882239892926343
"418" -1.29029209641104 0.641321270138185 0.855681681183551
"419" -1.21253275126212 0.687532051559281 0.611178725311144
"420" -1.13251910438322 0.656895971336952 0.806755960073879
"421" -1.1771093348257 0.649433378739703 0.720099393581823
"422" -1.11442685132478 0.579244353386074 0.677816097368229
"423" -1.05091801207414 0.523030861744016 0.744150504650096
"424" -1.04666852201061 0.437619121500109 0.688343099213987
"425" -1.04601336804227 0.606840589954729 0.627416453758196
"426" -1.02173995138673 0.484209514748716 0.607377118923635
"427" -1.05609969951988 0.401142028580064 0.530416903532508
"428" -0.912201022616222 0.44486237608646 0.510026581688265
"429" -0.976212608366314 0.534675946965505 0.417663425265213
"430" -0.902709100841399 0.445144959437931 0.429074599050838
"431" -0.976873694123102 0.440889593332914 0.288989843461944
"432" -0.988703155789396 0.497216779931088 0.328181108753692
"433" -0.92014337574435 0.551796127083891 0.191080299825433
"434" -0.993815399262638 0.440749335568763 0.169759507172346
"435" -0.860093934246224 0.407278598153535 0.13482700590274
"436" -0.859015202075759 0.396891673089306 0.0853792450064782
"437" -0.960151219409904 0.397291851995913 0.0416029209823353
"438" -0.94409546436859 0.28395795112496 -0.00427788859807614
"439" -0.924442500546607 0.447614959903138 -0.00595943697975972
"440" -1.07134619448577 0.365759389455425 -0.197846130595809
"441" -0.883241869528876 0.292958487627108 -0.196945528559628
"442" -0.886407292853031 0.336746405599505 -0.128367238543747
"443" -0.931306990524351 0.396448647670532 -0.352391876950156
"444" -1.08828366564929 0.249724157480724 -0.13377672897513
"445" -1.0630213138827 0.349305856747211 -0.292966102925248
"446" -1.03444407983105 0.418879552140577 -0.410716067864536
"447" -1.08193833331489 0.386151973214984 -0.453207941426475
"448" -1.17100535481822 0.325668867432648 -0.555954198162713
"449" -1.19330883833034 0.364444138998874 -0.538278940374123
"450" -1.12474810327896 0.383146413218563 -0.572677872560035
"451" -1.07839392410627 0.341238942001658 -0.64907481328635
"452" -1.31667671843871 0.30473946886597 -0.720653149052188
"453" -1.24787817192352 0.442001930289892 -0.725344595315969
"454" -1.30401578952312 0.308840559754096 -0.809008868604379
"455" -1.36306999401511 0.45432183453337 -0.825369570358873
"456" -1.4072765765074 0.399169528401106 -0.773440889521879
"457" -1.37742019394406 0.306499764943964 -0.861643769514358
"458" -1.43036778893017 0.370323497346427 -0.88450919989095
"459" -1.45282377167505 0.3575882637171 -0.941744431122746
"460" -1.55833026540444 0.3563435102595 -0.877997715235632
"461" -1.56243688580619 0.438090135211114 -0.933495802342164
"462" -1.58587753991807 0.375424523005518 -0.890892268684337
"463" -1.55750734541613 0.348252587064033 -0.973146084132508
"464" -1.69587067191292 0.403007735975976 -0.998070001847984
"465" -1.77421482701119 0.455077289092629 -1.04708793585006
"466" -1.76974909531918 0.401566362615018 -0.979900651300788
"467" -1.84705309549982 0.42625314460949 -0.913150809975502
"468" -1.88320446407192 0.468649784200195 -0.996591643380101
"469" -1.96060502126261 0.345973945150759 -0.941542004098915
"470" -1.99522334746032 0.406187318125962 -1.09933363099296
"471" -2.09814399642715 0.399884428490299 -1.01756382152781
"472" -2.21227480587517 0.396866042893763 -0.982402419121078
"473" -2.20530431641312 0.33886842578398 -1.03714307796201
"474" -2.12637665180589 0.287380397788122 -1.00245659336454
"475" -2.25870108683907 0.317851615784375 -0.999065748309276
"476" -2.22419950886455 0.350529224685638 -0.866254980419252
"477" -2.41256706282183 0.347116676149452 -0.864687451871055
"478" -2.3215406315128 0.306601019572667 -0.900547009328663
"479" -2.52448093772533 0.337844760869839 -0.921632496278944
"480" -2.43130519323248 0.279434921731771 -0.760655467640421
"481" -2.55592113701816 0.385043849484219 -0.851732916016786
"482" -2.56009200187905 0.327204010804965 -0.731905015458551
"483" -2.56968881754098 0.245687982598894 -0.716966037349977
"484" -2.74016079246097 0.205686363437854 -0.777718236009728
"485" -2.78150459074043 0.26661738341659 -0.71686140000074
"486" -2.68212698252499 0.286600620664734 -0.706039511745979
"487" -2.84032021634122 0.161965806337014 -0.574349274847651
"488" -2.79696338650061 0.239006182345636 -0.620783227025957
"489" -2.84540000449952 0.194336595085487 -0.51575301119602
"490" -2.94790187124768 0.14130648791872 -0.484068096258775
"491" -2.8910694906168 0.0768421128603422 -0.489052577635371
"492" -2.91438600543947 0.110810966093009 -0.418539443338327
"493" -2.97321371173621 0.121804447544374 -0.298131444466572
"494" -3.02235853984545 0.146561602279889 -0.301052752095442
"495" -2.95116206287027 0.13282855298882 -0.247943116853206
"496" -2.91255504567254 0.110485418855928 -0.245670021251144
"497" -2.94241362212102 0.0426979371364202 -0.157985381482209
"498" -2.92671271595885 0.0488812769429569 -0.00374170247429509
"499" -2.96060747168484 0.0199520730763751 -0.0603206332130245
"500" -2.99216997504971 -0.0152230976679326 -0.121220676292935
"501" -2.94465837657412 -0.0731233470223114 0.0287460590428933
"502" -2.98985938841545 -0.0630400550584775 0.102481727213185
"503" -3.03532623553641 -0.0530571162362366 0.0705330938108171
"504" -2.96316695326774 -0.148615383142925 0.261588060904067
"505" -2.90739746678674 -0.0690244183408387 0.302081733915443
"506" -2.97208995302572 -0.201677727846675 0.259752298914523
"507" -2.89999969501805 -0.130209671375694 0.337207713652166
"508" -2.96766836179928 -0.157120980757305 0.458968794155803
"509" -2.91522523333563 -0.189716448663513 0.466832554185617
"510" -2.80991521813567 -0.27200863694327 0.402752314035605
"511" -2.80296332393003 -0.151441661080602 0.495541115256149
"512" -2.80763193629332 -0.190728452850488 0.586443117580495
"513" -2.75200701656149 -0.271059285258987 0.538459815648917
"514" -2.77299812794367 -0.341421617552401 0.637632444608344
"515" -2.80839871028155 -0.267357295966667 0.622458366512193
"516" -2.72769682835237 -0.247259399080114 0.714317593159054
"517" -2.67051667080817 -0.325883290806206 0.766632141066019
"518" -2.60040337317486 -0.351647215368785 0.853419917719276
"519" -2.60106805579184 -0.306524674219105 0.829388120467395
"520" -2.50251459483164 -0.294418702519749 0.883340880866616
"521" -2.44626748572409 -0.293781116671435 0.955456480219626
"522" -2.39870319714149 -0.397130326800143 0.843818914152024
"523" -2.4535784860642 -0.419617316999302 0.919034714015282
"524" -2.37326667591211 -0.427135957488345 0.982290802835008
"525" -2.24410665648448 -0.382174513609998 0.893780607726422
"526" -2.22565915597061 -0.338211007847808 0.919535843504376
"527" -2.20862779715089 -0.420977789200908 1.01542105502696
"528" -2.16986419919642 -0.390620820427398 1.0500750634622
"529" -2.05152365948542 -0.375573323233306 1.03306678029428
"530" -2.06047835417309 -0.384159596688089 0.978268954606235
"531" -1.99910539667297 -0.300037693420703 1.01068519237094
"532" -1.94688712045884 -0.350676185488957 1.00005027219783
"533" -1.88589459035099 -0.344812211277643 0.966976758965243
"534" -1.81350867319763 -0.448693320693271 1.00595000021124
"535" -1.80337100217743 -0.508377817078508 1.05733593712183
"536" -1.70737662769325 -0.343789820585975 0.958005463586582
"537" -1.63324472807436 -0.31285931966535 0.989244945396375
"538" -1.62972342439678 -0.346996352209122 0.948769908579535
"539" -1.6353767509807 -0.362079900658401 1.01566729772523
"540" -1.46025768809586 -0.407960000378432 0.909078038216909
"541" -1.42880885245319 -0.422555839874353 0.920949687126658
"542" -1.44210867202555 -0.434981524592303 0.818079300246998
"543" -1.3785514022922 -0.427734099390749 0.887579419105057
"544" -1.32523346988018 -0.391291871042949 0.800984733585769
"545" -1.32163251796325 -0.388498061302232 0.775280511065877
"546" -1.205139716934 -0.422809935653376 0.734995711651175
"547" -1.24481823198338 -0.449397981357321 0.795510932359335
"548" -1.27267519935908 -0.371520429311852 0.700954386378831
"549" -1.13163777309063 -0.35555519704591 0.600052437817327
"550" -1.11032515933386 -0.26787920141861 0.662303443094462
"551" -1.11517418654378 -0.321352962356067 0.596972432615579
"552" -1.05363770135598 -0.343886121634633 0.497222888316107
"553" -1.10939970446601 -0.342817309515392 0.599941775889625
"554" -0.92182463472598 -0.400354443992992 0.387624302746042
"555" -1.02706977895942 -0.364928904652119 0.425817209081781
"556" -1.04598473868516 -0.34479537590612 0.337281222712605
"557" -0.893848393877689 -0.323829258577273 0.327709603325405
"558" -1.04462667056594 -0.311729794556024 0.196576372933962
"559" -0.878346395350509 -0.268222736298264 0.286763044114621
"560" -0.969149085656005 -0.312348229082284 0.0734097526419838
"561" -0.920246894915672 -0.407325398772698 0.114574363995665
"562" -0.931249620615643 -0.35654888008511 0.0442081463101981
"563" -0.880071827241132 -0.37590055392077 -0.0671156592871755
"564" -1.00318055877375 -0.442056529115963 -0.0417783696138913
"565" -1.00011376421211 -0.437388489423663 -0.144168597445158
"566" -0.967030852872664 -0.468955104119074 -0.124673357369933
"567" -0.901907055304042 -0.426133419599245 -0.220233468988735
"568" -0.87317339824986 -0.514621345211667 -0.242305551464465
"569" -0.977465904740358 -0.456742682242003 -0.274056850044829
"570" -0.934326176682083 -0.36191829574328 -0.367552513556926
"571" -0.903939950727937 -0.547210915994971 -0.516516742010133
"572" -0.901600027620662 -0.520462622815696 -0.509784274782816
"573" -0.998134862989988 -0.508423305696213 -0.479616934996888
"574" -1.02078672658136 -0.512657067120088 -0.591086217138088
"575" -1.15311371385652 -0.55056216927286 -0.619444127137786
"576" -1.0699692977991 -0.569905058350672 -0.62969986166499
"577" -1.13531238910462 -0.589499020133238 -0.61372996886282
"578" -1.06787435768164 -0.628176672408234 -0.72133631508024
"579" -1.1495249260643 -0.687475194282817 -0.753574671227632
"580" -1.17956735124523 -0.642251877217366 -0.72278008785937
"581" -1.27790551037407 -0.678528910329083 -0.799971732488114
"582" -1.23826371627101 -0.739905902919032 -0.912646864791658
"583" -1.32670847880723 -0.727856012387552 -0.85955271075469
"584" -1.32183474662945 -0.778496587042563 -0.859475604016803
"585" -1.35857059805075 -0.704520337847029 -0.925719380554439
"586" -1.42851271458606 -0.791884263799917 -0.901860095404491
"587" -1.44410674223394 -0.845567994693463 -0.932582345008262
"588" -1.44083182757813 -0.850782335942069 -1.03880230543849
"589" -1.50403956155797 -0.899118514602073 -0.990406017761286
"590" -1.50532513784677 -1.0190789666276 -0.937303020707481
"591" -1.55572672687776 -0.919169374044915 -0.982998542185398
"592" -1.59216869863261 -1.0895865414754 -1.00957134422156
"593" -1.59993941578131 -1.08652919300524 -1.03079686264373
"594" -1.72240210537172 -1.05260215687453 -1.00691873702967
"595" -1.60279659315782 -1.19303407579434 -0.978294587721256
"596" -1.82890374392687 -1.24420767456987 -1.07597449480493
"597" -1.82227535580928 -1.16596020657951 -1.01748346407325
"598" -1.94685081755771 -1.31675546465891 -0.979995106582517
"599" -1.85963608186184 -1.32983070217635 -0.885962077029103
"600" -1.85307748933176 -1.30226755416251 -0.999806387443906
"601" -1.91371917493623 -1.50402076206862 -0.91722871272428
"602" -1.85811352956134 -1.50633524330033 -0.867017068570683
"603" -2.03856708609102 -1.50486578439362 -0.96644063546759
"604" -1.95612255353339 -1.44472267623141 -0.791450848578096
"605" -1.98199738241432 -1.4404865481556 -0.848531051373214
"606" -2.02461952372543 -1.65878873442638 -0.758416212364684
"607" -2.02161838204082 -1.58836806258419 -0.785766415095777
"608" -2.07096394697537 -1.6887233059139 -0.705189871718986
"609" -2.05939497720009 -1.65545270030619 -0.722124921990992
"610" -2.07837635864082 -1.77761813110599 -0.670800409385884
"611" -2.13866407161891 -1.79839065700299 -0.695142589526121
"612" -2.10478724079376 -1.82345636246527 -0.653420287035633
"613" -2.12274883235748 -1.86453204478994 -0.596777680193261
"614" -2.09738740920239 -1.88685505942612 -0.461416227107616
"615" -2.15343294197039 -1.86067028322636 -0.552958331702546
"616" -2.13432950301768 -1.96600905015321 -0.519423426352549
"617" -2.04478238090167 -1.9194132591355 -0.405664933045425
"618" -2.21630286340702 -2.07298691228424 -0.323597003422129
"619" -2.21682474794898 -1.9768187210439 -0.27699019846434
"620" -2.19145091322926 -1.99247013286434 -0.206002056964338
"621" -2.25011735457481 -2.09208327427001 -0.26246157165153
"622" -2.21405196851897 -2.01544933937732 -0.188100684501901
"623" -2.14110325573569 -2.09423519359752 -0.131753781748629
"624" -2.13368626920457 -2.10871197344957 -0.0235803003845673
"625" -2.13424936682414 -2.18560127889681 -0.137666135950917
"626" -2.08213869627566 -2.1645617962034 0.105569781181368
"627" -2.13466576878499 -2.1448394009204 0.168964641819843
"628" -1.97218598934961 -2.20170642127318 0.11123339821251
"629" -2.04707286442311 -2.21057466124373 0.343733328516901
"630" -2.02788413497217 -2.1743997988796 0.299291713677225
"631" -2.02011048370235 -2.18397660103988 0.255707654996706
"632" -2.04842753668795 -2.22342507302781 0.3117878537896
"633" -2.02048998320915 -2.08758719447057 0.351394069001717
"634" -1.94854641282707 -2.29775012628635 0.455666023023265
"635" -1.86994661565601 -2.19605406509132 0.445767261958735
"636" -1.82623148515619 -2.18637238246555 0.523735940374149
"637" -1.87753395975675 -2.11003697494995 0.614955723841557
"638" -1.74126691439846 -2.16922778961025 0.589259499764928
"639" -1.77745871701208 -2.17517105794568 0.650271455946469
"640" -1.69031896505296 -2.05717608773999 0.673832681917928
"641" -1.69206154526585 -2.1159514812644 0.708064466277667
"642" -1.69823522331365 -2.08286880009644 0.83359377124896
"643" -1.66295379731108 -2.00105843551802 0.754044544480923
"644" -1.55902979972616 -1.9020540402082 0.87066350245368
"645" -1.57481226502948 -1.89601815869113 0.814389653576675
"646" -1.54174348509578 -2.02017844924858 0.820792347030522
"647" -1.44201775164994 -1.97377454273447 0.991799626703763
"648" -1.43999005368842 -1.922452215131 0.898474587141195
"649" -1.32429743194961 -1.94070011651417 0.925352434639941
"650" -1.40141595971305 -1.89989071700712 0.932843652900645
"651" -1.28679737837257 -1.71670757774407 0.947041885266883
"652" -1.22663984069318 -1.82015683337022 0.966184981243081
"653" -1.29771324512519 -1.75063922119896 0.961748992761244
"654" -1.1808291497054 -1.74764723704024 0.989692665893762
"655" -1.1261636015546 -1.61548951958273 1.06192712675678
"656" -1.10839197647141 -1.68093080863339 0.975524623003022
"657" -0.980785818715561 -1.7588898328932 1.00678071481667
"658" -1.06056758478347 -1.67602610137986 0.989367515244978
"659" -0.986725639028411 -1.55223558497924 1.00038500394073
"660" -0.992846063102192 -1.5955384994317 1.02495504665421
"661" -0.817815395303437 -1.54980601279242 0.921144592923202
"662" -0.921858011412321 -1.56621764602538 0.952939441191688
"663" -0.854975644022865 -1.4062286073682 0.898496370784076
"664" -0.843735623389092 -1.39183983435873 0.980584293453299
"665" -0.782911927183713 -1.318500939928 0.844239731834773
"666" -0.747931893015806 -1.29166418903777 0.982236413840554
"667" -0.785758277228576 -1.22543132432593 0.858121487129973
"668" -0.767492281186706 -1.22911832482461 0.740723228621029
"669" -0.679374096059238 -1.19010646530323 0.730865686227106
"670" -0.658841127851866 -1.18704655932108 0.769212909415635
"671" -0.721990273263458 -1.1712825795491 0.812343187279475
"672" -0.612608684107604 -1.09980849482741 0.687424938095749
"673" -0.535191101912286 -1.10186697288708 0.710876480714194
"674" -0.55617978013648 -1.09885598314788 0.685341779572339
"675" -0.572986325044257 -1.08162535123215 0.573994120097574
"676" -0.526833403976901 -0.93929650735784 0.622355617862272
"677" -0.491771244118593 -1.04014200335221 0.402426106956593
"678" -0.531339935311793 -0.978163683457529 0.4683912864541
"679" -0.556374235755784 -1.01667641991767 0.376758465409859
"680" -0.537303956821914 -0.830507634648399 0.30887456378195
"681" -0.374061004703157 -0.871932681807032 0.29495875552493
"682" -0.393198797451855 -0.954084657424551 0.389197966662514
"683" -0.394882005838064 -0.909604862140608 0.157284333387176
"684" -0.412654436887069 -0.86917768727351 0.160577830105909
"685" -0.391356399650264 -0.955847427667429 0.121169256387624
"686" -0.395062701800015 -0.838191998370631 0.0367930823513901
"687" -0.42312347715658 -0.914832911728084 0.067206964340485
"688" -0.399467606811846 -0.898864911286469 -0.0753421983137924
"689" -0.395402640869433 -0.983459089132566 -0.0508794636031504
"690" -0.303151352611397 -0.920830340327945 -0.0130474087902313
"691" -0.397684178048356 -0.975545801586757 -0.0842732839399231
"692" -0.379721839918311 -0.937714596427809 -0.221024615432105
"693" -0.345642992898901 -0.928759438675139 -0.334592844595217
"694" -0.337055190351959 -0.978382126635549 -0.345332041943803
"695" -0.373066677301533 -0.89698803922852 -0.40676618280097
"696" -0.349448278989617 -0.94415434089379 -0.402355786671309
"697" -0.370878598104584 -1.03354195643153 -0.530906337282853
"698" -0.348360762008202 -1.19014904418684 -0.423327484714026
"699" -0.284854905371062 -1.02121447399231 -0.530327569791844
"700" -0.514562204312289 -1.19968010462505 -0.569636821480725
"701" -0.449812334428462 -1.08444535525218 -0.669448547631552
"702" -0.440062529264351 -1.27384900949616 -0.715603634828996
"703" -0.367019507206887 -1.25667910808834 -0.802883551048304
"704" -0.429996647595365 -1.31255530032079 -0.725419363093846
"705" -0.367869121140976 -1.31902171722983 -0.787128325817378
"706" -0.372547029339746 -1.30891431577348 -0.8380023996592
"707" -0.402930865727027 -1.39410224427947 -0.810966343421694
"708" -0.340494081964518 -1.49996850846436 -0.865791341826315
"709" -0.429797144899224 -1.30974787091969 -0.795570427667672
"710" -0.384873982693739 -1.42577807260895 -0.970053925554011
"711" -0.390205850176307 -1.66674916097818 -0.901920425607602
"712" -0.40292504408411 -1.63376767711014 -0.883116362882911
"713" -0.425966723033564 -1.70839453738363 -0.966653047596645
"714" -0.374635073031459 -1.74449284148813 -1.00135132502511
"715" -0.365652122996718 -1.81188125569009 -0.959217112808802
"716" -0.44922186883876 -1.86919827702616 -0.984680244392867
"717" -0.454215740589597 -1.81451561819269 -0.997055910849931
"718" -0.378570670037885 -1.87019490276698 -1.03814163090203
"719" -0.267764569924524 -2.00310160609953 -0.937026546857929
"720" -0.301381926645127 -2.01144358277377 -0.978118467698384
"721" -0.330373163727636 -2.0709424579483 -1.06595703445834
"722" -0.421533308359417 -2.13915062434697 -1.059042239336
"723" -0.487019799375752 -2.21419981363057 -1.02509329739694
"724" -0.322590607147196 -2.21302051195275 -0.977284488041605
"725" -0.370924579956636 -2.21866258376145 -0.944750905230913
"726" -0.289608341989775 -2.2513875482721 -0.983151865462821
"727" -0.3155897460368 -2.41183998668814 -0.863666354549128
"728" -0.320168691096344 -2.43364764468902 -0.791788811123749
"729" -0.264901345365709 -2.44689255205278 -0.942549010905641
"730" -0.249107468535374 -2.49013508902423 -0.859335075617532
"731" -0.185100976574038 -2.52339700408998 -0.792128142798732
"732" -0.280902957941215 -2.71980337026082 -0.698787045927676
"733" -0.210530521482847 -2.67428080756146 -0.747258361628651
"734" -0.269599152520976 -2.68141292982947 -0.816987970994682
"735" -0.426401627738435 -2.77909621240091 -0.721839011599846
"736" -0.240194774351025 -2.69147784418702 -0.668488860859567
"737" -0.3073533805282 -2.74903650434026 -0.600745907522296
"738" -0.209847972552256 -2.75480657963232 -0.605435759845707
"739" -0.237103698142302 -2.83497398521636 -0.627458031372539
"740" -0.243629056931238 -2.8129406707033 -0.542854539173917
"741" -0.178803309414066 -2.94448542000561 -0.476124653030053
"742" -0.165424533900803 -2.8697871603206 -0.455886074868047
"743" -0.0714869673214914 -2.8866612635036 -0.322134518840542
"744" -0.0497884404087151 -2.88866246446576 -0.34970189744737
"745" -0.152570205884788 -2.89626872426922 -0.198781516540461
"746" -0.120516479940411 -3.01438939077031 -0.154845781383182
"747" -0.027124953148224 -2.97218341103022 -0.205165507415154
"748" -0.0297736251452305 -3.03477486165483 -0.0822417983611438
"749" -0.0174630215583972 -2.96764739461458 -0.0448494991265194
"750" 0.0414292281202174 -2.94590087873155 -0.0188915565390568
"751" -0.0255800674912168 -2.94265691274542 0.0793877815000809
"752" 0.0518058214156172 -2.95707291845527 0.0344329475615387
"753" 0.0554604984998869 -2.92904610383811 0.0985654073008099
"754" 0.0918360769625282 -2.92208156468579 0.215876728883983
"755" 0.0543537738999831 -2.88859240183846 0.229811039065713
"756" 0.170659412737367 -2.8788318151147 0.322530662580115
"757" 0.235666757617048 -2.9387920703479 0.294531878871096
"758" 0.0443642248079892 -2.90530934054659 0.351588020889938
"759" 0.258822879998491 -2.87947881954681 0.439112923801675
"760" 0.239821371158672 -2.77150451616728 0.465636805102011
"761" 0.222252917054512 -2.86236882280467 0.530347586759459
"762" 0.258221569151864 -2.81561341836268 0.564879535691907
"763" 0.2312445444459 -2.80427789408988 0.597625205537063
"764" 0.216833680963494 -2.7292602638746 0.725738157170303
"765" 0.216231931671068 -2.71325888388225 0.662208709514839
"766" 0.251641329201426 -2.73640884252023 0.6967889565309
"767" 0.237632724091054 -2.72289418217479 0.772120351708999
"768" 0.256144092189855 -2.56533410554404 0.768586983126963
"769" 0.449297822135199 -2.51022743354195 0.783466892748774
"770" 0.361645438751104 -2.62999336006681 0.892543594157921
"771" 0.338199959548353 -2.4585600489875 0.902351899074727
"772" 0.308177153670173 -2.44815008897173 0.821566086711123
"773" 0.286737949873437 -2.39360781450408 0.915663179196443
"774" 0.376639494761244 -2.35816047878187 0.946424398465865
"775" 0.371105894519818 -2.28487507378061 0.955529293966984
"776" 0.336502443193373 -2.2401973285968 1.00736465494959
"777" 0.399641852122215 -2.15679488901936 0.945081096258781
"778" 0.366123952297686 -2.24592599038382 0.944594734460082
"779" 0.35393546066132 -2.10810609043805 0.8765174655741
"780" 0.303577459767889 -2.04254338653004 1.00719092413565
"781" 0.336373138284106 -2.02133497947059 0.969467418949155
"782" 0.299191783977044 -1.98400582349725 1.028881057928
"783" 0.423244109336312 -1.89551227453777 1.03366600126162
"784" 0.418627950834221 -1.79759336739124 0.997295679582719
"785" 0.477656316507902 -1.77863267521304 1.01287623262553
"786" 0.434301567973956 -1.73850964624098 0.94069087885698
"787" 0.382674921698609 -1.6565737548486 0.950591594267142
"788" 0.45260917513766 -1.54097963609966 0.849080432142997
"789" 0.33542466677496 -1.61653096033963 1.02776249130295
"790" 0.276563721025968 -1.52537905957685 0.80230481409187
"791" 0.438247144139912 -1.45105977846366 0.910436358658827
"792" 0.345310700743088 -1.47310426228032 0.927379065998691
"793" 0.42371696485668 -1.47149303577457 0.838279745088028
"794" 0.378552191589128 -1.26564799933268 0.844624242759313
"795" 0.424071402621849 -1.35749367025466 0.793421559335481
"796" 0.482208946477228 -1.27427477729909 0.787325793242976
"797" 0.38598389090937 -1.33146087432367 0.735182458310314
"798" 0.373130121440854 -1.25507776237562 0.634641704349645
"799" 0.431519083622169 -1.16155140799663 0.634442337589417
"800" 0.341503547834154 -1.16801398932818 0.572972520802993
"801" 0.264733029403683 -1.11449641584263 0.567241212366846
"802" 0.324059797120549 -1.11960492941386 0.482249837757961
"803" 0.25536449574526 -1.00521799724559 0.553952482476442
"804" 0.290857596006769 -0.99865326569876 0.414124605387875
"805" 0.219497632800543 -0.937790998615822 0.426196458116958
"806" 0.297850008303739 -0.988374242824032 0.366066090782169
"807" 0.316968026122121 -0.968533133450725 0.357161322832041
"808" 0.343434352603365 -0.96689203140831 0.234064181881981
"809" 0.450221745006647 -0.973734203451485 0.196108454669333
"810" 0.402821434746572 -0.932622089950278 0.135628894987764
"811" 0.266411333513385 -0.819133077046277 0.0935329079227555
"812" 0.361519907257354 -0.920561464228282 0.100090512761285
"813" 0.298683750516185 -1.07369022079396 0.0104828640627476
"814" 0.337994625571855 -0.921138362064364 -0.111786098845977
"815" 0.406569699578891 -0.979388319082483 -0.136591269417585
"816" 0.40077940562686 -0.948328372740802 -0.0243869909602817
"817" 0.439313941294372 -0.987015583260301 -0.239700520662713
"818" 0.525156048705899 -0.902960143856457 -0.360152697732639
"819" 0.481245869285888 -1.02196370852524 -0.248819068444105
"820" 0.408789384330923 -1.03312465491501 -0.320918253260726
"821" 0.488148073810541 -0.991681691593369 -0.334994788796558
"822" 0.530737877633596 -1.00238947516683 -0.448660188127932
"823" 0.539308048214672 -0.987332203866342 -0.383805715311312
"824" 0.5195475753235 -1.08990547931505 -0.574952547840195
"825" 0.539920216479286 -1.06454450363142 -0.445825481500157
"826" 0.628708288554895 -1.11028796163374 -0.636634188241478
"827" 0.5488092495954 -1.09595352411722 -0.630457006276813
"828" 0.59655345094082 -1.15234431805944 -0.623398838727186
"829" 0.568809274805385 -1.15871075592001 -0.721818303091609
"830" 0.616646133308369 -1.15740065992362 -0.754365258014014
"831" 0.690837928387889 -1.313380739097 -0.844850702283324
"832" 0.669775415901013 -1.30926787457264 -0.880585712400999
"833" 0.759958895118739 -1.20573865343825 -0.88070029087148
"834" 0.735003703574053 -1.28037966564455 -0.890948634693224
"835" 0.760808962098263 -1.34899985159849 -0.822792232336742
"836" 0.831665790772426 -1.46510362227961 -0.865921258578935
"837" 0.793263018041291 -1.44806413676496 -0.89831925711875
"838" 0.903472250045464 -1.3931813783064 -0.962843812481995
"839" 0.923485648496136 -1.47765328817837 -0.958040138698422
"840" 0.942879607589076 -1.5728814565796 -1.03112591113427
"841" 1.09399679665485 -1.57627218011649 -1.12774139639597
"842" 0.932066029903057 -1.54517296527653 -0.947348803611917
"843" 1.11806817220908 -1.68444166101138 -1.06713014985714
"844" 1.19936809054492 -1.63999450994408 -1.01420839790865
"845" 1.0907286757419 -1.67287519285045 -1.09942931004429
"846" 1.17569778910048 -1.74684630886183 -1.0487375652957
"847" 1.16244334798812 -1.80940204384821 -0.965793937893374
"848" 1.25753257803429 -1.80700554030395 -0.925693849533101
"849" 1.3626102194863 -1.88017238058549 -0.987259295534378
"850" 1.43769583104391 -1.94693901741118 -0.972790525428147
"851" 1.41376548285899 -1.90500311816949 -0.917579081379014
"852" 1.47603780626011 -2.01543609754579 -0.989947320076507
"853" 1.4762333117487 -1.94016443340958 -0.98643648208887
"854" 1.45748394500744 -1.93157563674133 -0.937276542315764
"855" 1.53296636384949 -1.92871882001914 -0.763683110557468
"856" 1.5971711498104 -2.05308742882809 -0.746265685643417
"857" 1.62915758635017 -1.96989265395992 -0.773491388075802
"858" 1.74519814414843 -2.10659311554989 -0.734782454974582
"859" 1.65308640365161 -2.12761289022855 -0.764530252362051
"860" 1.7383008357212 -2.06016627450023 -0.682354518951572
"861" 1.63709287295599 -2.2316209841599 -0.625396437092187
"862" 1.88531188232485 -2.10082258570216 -0.547230670923697
"863" 1.89800309634553 -2.13132048932734 -0.514069169698309
"864" 1.89634076598317 -2.15537936984219 -0.514126046976662
"865" 1.9151308559284 -2.12069231285323 -0.451310179741878
"866" 1.94880663164813 -2.15721628327544 -0.374605270170439
"867" 1.92273729441922 -2.1846230787719 -0.369411335155738
"868" 2.02470531545366 -2.19316401869937 -0.358849053772544
"869" 1.98436292091127 -2.13080274877953 -0.307565130787034
"870" 2.0661903167017 -2.19250973311767 -0.269008416770189
"871" 2.14095551946203 -2.12393325620728 -0.168629258321815
"872" 2.00627155354821 -2.17410168966496 -0.118258459370999
"873" 2.12585341130877 -2.15963197821735 -0.0790168220534777
"874" 2.13831137994842 -2.19943742328539 -0.0431607053355626
"875" 2.07864857057093 -2.06439947883185 -0.00612756542642332
"876" 2.16103269873986 -2.0880321671829 -0.00153659317723062
"877" 2.10213055766545 -2.01172127813406 0.0101765560340086
"878" 2.09817891417984 -2.00267284201077 0.11150545975203
"879" 2.18581047206278 -2.03033691180474 0.130217167645113
"880" 2.15425626447492 -2.0448473939436 0.229988647793652
"881" 2.06399930859972 -2.05721054651001 0.341740266080354
"882" 2.15245995639526 -1.89965225374152 0.310869592567373
"883" 2.15580042911624 -2.03163096307318 0.395487340941982
"884" 2.210726770917 -1.93257019529392 0.491777229450363
"885" 2.12899182265228 -1.93058661852839 0.469779901047647
"886" 2.13025080334424 -1.82502052904076 0.548017862103337
"887" 2.21261806684675 -1.87309216030524 0.653724278657871
"888" 2.01337232546073 -1.85694260432289 0.619774942387295
"889" 2.07976842740162 -1.67874334862488 0.66744082215741
"890" 2.08437524533113 -1.71672767783478 0.722459193950828
"891" 2.05933465450785 -1.70740389407714 0.764541792275628
"892" 2.09168232041522 -1.71091987961501 0.731965602042457
"893" 2.13088397427541 -1.61717346131554 0.678668259343488
"894" 2.0413317936036 -1.64698218302307 0.834501021107305
"895" 2.07512383041392 -1.47853276225035 0.886609006954165
"896" 1.99414314718189 -1.52309655114093 0.854960875625255
"897" 1.99762849738517 -1.496698662798 0.896087945235481
"898" 1.90195244531773 -1.48564561464318 0.834931674852694
"899" 1.96294461692337 -1.40135641163892 0.979372331517104
"900" 1.89202702486225 -1.39621840626305 0.925440713056223
"901" 1.84044761704961 -1.22184637670775 1.00211702047419
"902" 1.73798872461584 -1.22771081335354 0.924578459619064
"903" 1.78064753435782 -1.16104024999168 0.986621022215267
"904" 1.73777862737311 -1.22246699282193 0.984513734713405
"905" 1.73998267515041 -1.12316577709931 1.02689514848888
"906" 1.68353401900971 -1.1610517200066 1.01169172470366
"907" 1.666575109273 -1.05855412424014 0.989769688141739
"908" 1.58278598250768 -1.09718184756159 1.07468847420755
"909" 1.5183786035381 -1.00367502514641 0.980463080395339
"910" 1.40901188771477 -1.09291659238803 0.973572562692129
"911" 1.52016056748155 -0.992644202690295 0.973963761879431
"912" 1.50140397374265 -0.925627132368352 0.964953002720637
"913" 1.44192512108446 -0.926504218768353 0.944438501539879
"914" 1.43412615858422 -0.74929166375702 1.01510551967481
"915" 1.34533590459871 -0.807805750478533 1.00697653532977
"916" 1.35000653787564 -0.764253066459672 0.889815804062658
"917" 1.4090813980999 -0.684524850833784 0.864395881947585
"918" 1.25774302362092 -0.666017380822647 0.876177973276618
"919" 1.18325517239091 -0.661467305101039 0.857894783908147
"920" 1.13301486591168 -0.660729547637767 0.685342128634795
"921" 1.18751789412397 -0.65909441087047 0.7581291093165
"922" 1.11950188369344 -0.590743696304518 0.657550001539385
"923" 1.16827097773523 -0.618557568090881 0.689079037303535
"924" 1.02901489254771 -0.594847053589092 0.583311936306571
"925" 1.10943590158179 -0.595151301445202 0.579990971020035
"926" 1.06046149269454 -0.549090330596784 0.488835580500838
"927" 1.03160957739534 -0.503356600421619 0.638334321200809
"928" 0.975391556703406 -0.443281049565 0.567169335688364
"929" 1.05215547457338 -0.516474080980193 0.418340420422746
"930" 0.981419807555502 -0.429406730242867 0.401028854962361
"931" 0.921495072646081 -0.44001794710092 0.359782329831008
"932" 0.863056674394409 -0.454776543675754 0.274714069599042
"933" 0.915018644386179 -0.409490389769447 0.214860786847993
"934" 0.864554701423106 -0.421454946259691 0.122997305736526
"935" 1.01085856474291 -0.37818022261138 0.100267267311044
"936" 0.896166322469971 -0.365062182763795 0.154883852660644
"937" 0.914935434292669 -0.40800465216594 0.022133880953158
"938" 0.947421394938302 -0.433565671292337 -0.0527741854106802
"939" 0.921289182094351 -0.355905263823146 -0.171986636936402
"940" 0.888344599589429 -0.350342128078935 -0.0939007990761117
"941" 0.967755014715361 -0.365279624910128 -0.147738545001948
"942" 1.00745132731816 -0.418109638124072 -0.206054035232953
"943" 0.935917685043654 -0.348278446565413 -0.268921224467963
"944" 0.913919106369907 -0.418245182148809 -0.318288713995492
"945" 0.963632811334966 -0.35519713564974 -0.373910886451725
"946" 0.994489154607962 -0.439521035195437 -0.423392845782961
"947" 1.02126013705782 -0.314363803956527 -0.543802463475188
"948" 1.02767652827177 -0.323888031961311 -0.450221308391054
"949" 1.08326911640705 -0.444700242003171 -0.614927926190925
"950" 1.08106944688858 -0.358261331433395 -0.65265143504824
"951" 1.08497349920837 -0.42838076495333 -0.666326004427862
"952" 1.27158437355728 -0.306034888380383 -0.597158536028803
"953" 1.24779519892047 -0.319084902276985 -0.726626176751874
"954" 1.29144758436587 -0.404784225584096 -0.710392660022135
"955" 1.33298016176912 -0.402218636027939 -0.78182304266562
"956" 1.35486397254211 -0.417170834034249 -0.80846325320666
"957" 1.37862521313204 -0.424092330315059 -0.86202167200916
"958" 1.42832154989985 -0.362185784103871 -0.820898804167445
"959" 1.47101589260427 -0.348131235011907 -0.874981832826802
"960" 1.53397065931417 -0.405513539697555 -0.88863287583004
"961" 1.59119049802257 -0.370343212893504 -0.909948536226947
"962" 1.60497784576588 -0.34686197867651 -0.869024357243408
"963" 1.69018443614162 -0.403639180119956 -1.02581544902384
"964" 1.72377788455741 -0.400666367341332 -0.984377772468772
"965" 1.77599671071403 -0.321239186690421 -0.994430720861247
"966" 1.8013685115652 -0.438194941717141 -1.10037052981431
"967" 2.00318618719557 -0.34850130682187 -1.02920274192521
"968" 1.8942556170825 -0.336497438897223 -0.971426583372551
"969" 1.93907430648426 -0.389161316308511 -1.08165927082129
"970" 2.01674440307396 -0.417349980061432 -1.0189740554904
"971" 2.10298182247756 -0.382054318287896 -1.04450717384019
"972" 2.07791783677156 -0.434978813245811 -0.941703348071292
"973" 2.16443418600954 -0.335324474081442 -1.03352110877284
"974" 2.1084594206111 -0.347114856988584 -1.01150096077139
"975" 2.23110148516985 -0.328287677548804 -0.89349956945478
"976" 2.36088657385101 -0.300112683750282 -0.887041926923379
"977" 2.35079745236115 -0.279808149075945 -0.846373789868927
"978" 2.3584789154487 -0.376099297830917 -0.95417739713453
"979" 2.50139597075294 -0.275229301028881 -0.856099716568664
"980" 2.55020096986328 -0.299927760121536 -0.774580758929495
"981" 2.57676071381043 -0.333556719448764 -0.704837358204419
"982" 2.65042514515399 -0.341739688820235 -0.822201101697415
"983" 2.64946288754781 -0.243044900647526 -0.660152866206823
"984" 2.64416284731392 -0.117586660216965 -0.749848752208686
"985" 2.69662515928114 -0.223512259644968 -0.658316304446153
"986" 2.74780314262816 -0.209949126497399 -0.744143707230472
"987" 2.83274084010697 -0.201125670230299 -0.555297005244391
"988" 2.83599037588656 -0.286220674252401 -0.58473500121678
"989" 2.88294556458609 -0.206238642840193 -0.532924614409551
"990" 2.91721527695922 -0.197574366011731 -0.458107761098556
"991" 2.94152660380265 -0.104476905947415 -0.497231778624113
"992" 2.94740876057979 -0.116073039864288 -0.427430485586908
"993" 2.97816065748068 -0.144492076714816 -0.341780010669356
"994" 2.95794453560837 -0.176274650155723 -0.220379094673438
"995" 3.09077844485451 -0.147938064554292 -0.241847646827344
"996" 2.98454813787468 -0.0656533571787585 -0.182955051064935
"997" 3.02903236205515 -0.0939570654673862 -0.156280449883815
"998" 3.01424635956488 -0.112220822734377 -0.108442962490645
"999" 3.01816885384279 -0.0257945236980107 -0.0315143598828845
"1000" 2.99823690695425 0.0340994171155632 -0.0619317806784931
