"x" "y" "z"
"1" 0.00776987070585936 21.406997444177 -4.72059487980514
"2" 0.193082863171875 18.1117508580366 -4.74873956251565
"3" 0.227968463418 24.7708897593259 -4.66718934179401
"4" 0.157331151941347 21.1312642826689 -4.66707617076167
"5" 0.489552074460632 23.5019296537784 -4.84478257838996
"6" 0.476134237461196 14.8207673306039 -4.65881344566204
"7" 0.530878476997201 5.33384973000675 -4.74297891241172
"8" 0.442447862875315 2.76404948115698 -4.74874066905929
"9" 0.475294137960911 14.0299707887259 -4.80187296627064
"10" 0.510241780682518 11.2867913041581 -4.80286122374589
"11" 0.475950351095273 1.53724746990742 -4.80184191946553
"12" 0.603945239819966 3.80028692481393 -4.88758763119684
"13" 0.633862868444893 10.8914512581768 -4.77155010984417
"14" 0.650047475577583 15.3906665856266 -4.78076031555054
"15" 0.81255517399276 19.5094488903026 -4.86491127182798
"16" 0.69989487640682 18.4677383437474 -4.82741509637338
"17" 0.808804955136494 22.6683032466909 -4.75367166283527
"18" 0.793765565278945 26.5135023624497 -4.76908839449631
"19" 0.888382138283394 24.8740994307104 -4.79264483575893
"20" 0.837987514726588 14.6974750121155 -4.80796938440417
"21" 0.773078296406663 13.3062916395486 -4.78983262381164
"22" 0.765988989677553 26.8594045998241 -4.77144989335328
"23" 0.857748865616155 16.278575530694 -4.84028957798292
"24" 0.879263017757136 17.0217196206351 -4.82037628749807
"25" 1.02246399401165 18.6094993438652 -4.81210739132024
"26" 1.00673957016102 12.3568529214021 -4.84100182826375
"27" 1.07633669349163 19.0680997760668 -4.75946952703664
"28" 1.05629240452158 2.06085721853015 -4.80694962934433
"29" 1.17256838886784 21.0455877451962 -4.80008317460946
"30" 1.1003775794384 13.0461560820453 -4.87681534738257
"31" 1.3030525106207 19.9012188267839 -4.82089499172384
"32" 1.36292664133686 3.05876377617761 -4.79045096193452
"33" 1.39902580156637 24.476472417895 -4.73573602926101
"34" 1.34117516326316 28.3917976144561 -4.85446973728898
"35" 1.31502862445027 3.6699359593641 -4.85517030574009
"36" 1.33603522143552 7.00321939425194 -4.76813261863635
"37" 1.40643863543759 14.4125906733773 -4.76103911181206
"38" 1.41664638993424 27.0557073063107 -4.76434287686924
"39" 1.40641982271356 0.917524387147426 -4.66753661142778
"40" 1.45226160175698 25.795738213474 -4.76324296875998
"41" 1.45441425474829 1.34142470793486 -4.87421941177634
"42" 1.41986601468258 17.3726597573276 -4.77711047855696
"43" 1.46847930301429 19.8492184072679 -4.75442981320343
"44" 1.5513454127025 22.0904268746332 -4.70572145368961
"45" 1.52856551128206 25.635868463476 -4.84064790777992
"46" 1.55261052242976 15.5531825768013 -4.77887018769668
"47" 1.57887367421401 23.2783644233862 -4.76242860056075
"48" 1.69481542969067 26.5115600184889 -4.68793580035921
"49" 1.86739544824326 19.3283483756094 -4.69118504299291
"50" 1.84583394279986 24.1602732734305 -4.89089853868727
"51" 1.88878728207968 26.3602959134743 -4.70946079417702
"52" 1.92510527278609 1.07284998067363 -4.76690283287131
"53" 1.90956478619207 6.08029814090582 -4.76704917779421
"54" 1.92575442734777 12.6891930567549 -4.75217192185807
"55" 1.91936526069505 24.9711190808203 -4.65714914572026
"56" 1.95392894338633 1.13094198678838 -4.70490867691346
"57" 2.13514293957168 20.0359682030799 -4.56505811684284
"58" 2.16144160996963 11.6365560655192 -4.76711241746082
"59" 2.16797161733888 3.10730897622164 -4.66616735048716
"60" 2.16652387511558 19.9531076596412 -4.64207002413588
"61" 2.28730238226284 24.1167956158591 -4.63359990657673
"62" 2.31547224512144 29.5362310981425 -4.63693111608734
"63" 2.40947249474497 13.0661351205482 -4.58539106419861
"64" 2.37860531548198 18.2849119092799 -4.67649443594642
"65" 2.38304617552676 10.4701552192851 -4.55954291253691
"66" 2.53674862208796 29.867377095728 -4.63362809465477
"67" 2.58363203750401 18.935888860682 -4.51553588801788
"68" 2.64473016388911 8.46899040683257 -4.58034582375365
"69" 2.57245718903272 26.3404268934517 -4.67201357928032
"70" 2.54285612173393 3.7167683538437 -4.51903518961082
"71" 2.78660538439393 13.4874762929473 -4.51091083997416
"72" 2.77068170736218 24.6319030766587 -4.49937517380075
"73" 2.78246192765021 13.1451298501044 -4.46012826554063
"74" 2.92065214501464 23.8657481342667 -4.49391297644275
"75" 2.85291469228347 3.44389469059065 -4.44163080499954
"76" 3.00161847338567 18.1714429608724 -4.3394966699305
"77" 3.31335624179924 0.287048162488859 -4.21296290490313
"78" 3.35613795473276 22.5542043583881 -4.21314441551041
"79" 3.28443897558727 0.649583451104916 -4.24193932681682
"80" 3.54100795630554 10.0627206338201 -4.15028788186059
"81" 3.59139340917315 23.9161189378579 -4.05656804537269
"82" 3.52704098798426 13.6919749783267 -4.05992502440942
"83" 3.63546381197566 18.9508345184441 -4.09370169785065
"84" 3.65028505384996 11.3947558123149 -4.10774732877346
"85" 3.6494252078856 13.2246044102187 -4.03867046219922
"86" 3.69786942223719 3.40152005281388 -4.00320286830159
"87" 3.66489942449111 22.0866605424537 -3.95334192428406
"88" 3.68666586496683 0.457942158648511 -3.97987766651736
"89" 3.83770882668101 29.9090011984091 -3.96318333837929
"90" 3.87385345611441 19.3737646564164 -3.97980277003735
"91" 3.76925162562202 29.7489611790524 -3.9821248046546
"92" 3.86575348693767 29.8194651149898 -3.91458842210107
"93" 3.82959833969079 12.7659672324134 -3.87093624360355
"94" 3.95151863468586 11.8705445857556 -3.83631977168008
"95" 4.14354090833724 24.9178319283303 -3.68318360069357
"96" 3.97783119487599 25.8170052002673 -3.78535438243863
"97" 4.06581569457275 9.87562774151437 -3.80549154281417
"98" 3.97061620514238 6.9468596785791 -3.78003185622482
"99" 4.0752023134373 0.472052427335382 -3.81643903215987
"100" 4.06869804039058 10.7943606369946 -3.80623551497281
"101" 4.09171042334552 18.5656578600911 -3.71712587899338
"102" 4.15234887622478 22.3092797051462 -3.77026041341197
"103" 4.24240343657131 11.4310168946978 -3.63422765998657
"104" 4.16118411060526 18.0692873939839 -3.68600336510669
"105" 4.22564182285705 9.6211463381423 -3.59373659483343
"106" 4.31365615535527 11.2415197390737 -3.6190573789455
"107" 4.26127133059389 19.1661773112189 -3.52274610310342
"108" 4.30274483994788 7.13938257978792 -3.55473418753754
"109" 4.37939842249682 29.3080463600745 -3.56377324384553
"110" 4.32161176489527 27.0248514550758 -3.46644277669121
"111" 4.34989961902129 12.7447505220879 -3.50984972322555
"112" 4.45543821087221 7.23842842223576 -3.46523138855871
"113" 4.36176995737926 9.92833889055196 -3.47271310403492
"114" 4.49118817812952 10.8180551016213 -3.48281838050826
"115" 4.38671883529259 12.3446251720638 -3.3160216268762
"116" 4.47459095912778 9.03592520854979 -3.32841162856438
"117" 4.52329973680236 22.5638277216404 -3.33842067648395
"118" 4.50504369667217 1.61929793552499 -3.41850852833814
"119" 4.57795684795847 25.9423272256177 -3.49751589232975
"120" 4.63210934558969 5.12621209769845 -3.28942751092647
"121" 4.58371932408913 24.6466247277771 -3.2835140078134
"122" 4.61440458854484 8.14100651106614 -3.25711435106783
"123" 4.66921000559418 23.1171024126384 -3.15865452716967
"124" 4.83297779998487 3.3528922732207 -3.22596990724856
"125" 4.83432733308431 2.26531255069998 -3.07208292062428
"126" 4.88621931266145 24.2743287350545 -3.09296791078325
"127" 5.0164815777147 7.90014435518319 -2.98967954217513
"128" 4.8822186768668 15.8641125137248 -2.85115771191263
"129" 4.95155740453316 19.0743920975242 -2.90718313113124
"130" 4.97455852225411 28.3020321017208 -2.84819008568404
"131" 5.06878343514419 28.5326012072304 -2.79346033087364
"132" 5.01635605243967 8.57755652311051 -2.82220011659742
"133" 5.11824457928919 5.93664398245736 -2.62719835759967
"134" 5.17896672364659 15.7161422127724 -2.56674291708259
"135" 5.22556354335183 28.6991506235907 -2.56199261102104
"136" 5.216448173714 6.28503209650981 -2.48674992067155
"137" 5.36681985673988 25.4773815190557 -2.43872713297223
"138" 5.35296282056384 21.298748071038 -2.48140580952736
"139" 5.35640890631392 14.2073033657837 -2.35295909404474
"140" 5.32486867394777 6.94964260328472 -2.28334236780968
"141" 5.33826308100048 13.7338871438924 -2.30425267984613
"142" 5.49318791977619 0.250339073320311 -2.18484867378582
"143" 5.56131311104729 29.1812859320135 -2.10400865364922
"144" 5.52475031031378 12.3025082162954 -2.03463207608042
"145" 5.61401502572476 11.9312547225559 -1.91386139584465
"146" 5.61422719322557 17.9306374209318 -1.8771161885493
"147" 5.65107090261368 11.6208183580691 -1.90941005870288
"148" 5.64197462441966 15.5323056347111 -1.86760982777711
"149" 5.76795469347804 0.539299441473645 -1.69265123412242
"150" 5.81770823330021 26.9933821787731 -1.71151580585631
"151" 5.7769266987053 22.5775172754015 -1.63105308733861
"152" 5.84171688990586 28.4057201852102 -1.46771889317937
"153" 5.91965471514562 2.27647455336733 -1.34515994576898
"154" 5.95524149159726 28.6804885889538 -1.37898563524149
"155" 5.87896862937529 28.652339532931 -1.39079087916459
"156" 5.98171958276852 14.9900858401985 -1.24682942139334
"157" 5.97770378199303 14.6320826912831 -1.18152009335925
"158" 5.91952218533682 27.5986061325425 -1.023872399797
"159" 6.0784068547481 23.6678279550423 -0.85218074512494
"160" 6.02352519509521 4.43254564659512 -0.824080201713517
"161" 6.17113999222978 12.3559318004736 -0.964471530130568
"162" 6.13972913098724 0.198054758859868 -0.761794276696613
"163" 6.2463736977769 23.3575419633949 -0.782075408403195
"164" 6.15305490839304 12.291761096305 -0.697536149601953
"165" 6.18687768507258 28.6679066416085 -0.649907607253036
"166" 6.16251446958941 5.99139481703396 -0.687276024328775
"167" 6.11094209294004 13.641938217775 -0.608339850135256
"168" 6.11796860574063 4.58959137834204 -0.488318929815984
"169" 6.16639896866814 14.2876464183439 -0.355974965723126
"170" 6.2249852133472 29.5901969298511 -0.264683387603399
"171" 6.25125545653054 19.03214754272 -0.228812567787125
"172" 6.20792577102023 16.9388668094073 -0.110045263731731
"173" 6.27798320368988 22.2879457275099 -0.12942693021894
"174" 6.32898870220249 26.3086610243223 0.104810980532818
"175" 6.28768562459634 15.8296581097369 0.00910078256236683
"176" 6.36273376470745 17.8955786355333 0.124632267675376
"177" 6.27400486743844 17.0037063223508 0.0666915527937113
"178" 6.31608849479434 10.2033583442298 0.201430765406689
"179" 6.41357086054616 6.39722726749099 0.391625612264976
"180" 6.28312039409019 7.00315928983167 0.354829947438498
"181" 6.22774358581034 24.6681837760047 0.432796698099504
"182" 6.29466331977539 9.00253128980366 0.583123858401308
"183" 6.37473781832335 11.8141525681151 0.581681548375274
"184" 6.28562492677652 23.0555426700219 0.826527681539119
"185" 6.39964176329075 1.39048135324938 1.04381450846658
"186" 6.26046717810941 9.12276070290378 0.997871313640637
"187" 6.3172341753505 10.9863994026417 1.03137036900278
"188" 6.31253808149143 0.753018950823627 1.15513529403062
"189" 6.31573088319031 24.7102119733508 1.09743280831812
"190" 6.34004407465515 29.4751108867156 1.2364664256145
"191" 6.38076900862271 21.6601641815377 1.28248249773816
"192" 6.37161601171564 22.3594934837416 1.20713779752405
"193" 6.36252140637555 21.8625064497025 1.3126703364197
"194" 6.39426903135117 13.7951582017374 1.36232760234464
"195" 6.283428438126 5.43991646040176 1.51553003025834
"196" 6.4063992951149 24.4044049709167 1.48220630199556
"197" 6.3295804197319 10.9860665014447 1.61510825865146
"198" 6.29588803470666 8.32391131263327 1.66688417010619
"199" 6.34630764360339 13.8855909990136 1.86866908372427
"200" 6.2546576748724 24.7231171746483 1.83859176495883
"201" 6.25298085329849 9.49490615576698 1.90656539102061
"202" 6.27779495992531 26.1215388496506 2.22956991578138
"203" 6.26578342279016 4.81771747324208 2.26265541130191
"204" 6.27570687140785 25.5490060306344 2.21972868544337
"205" 6.25275257707276 19.1999742069311 2.28497891104746
"206" 6.24048155981864 1.2512713996583 2.19058722727975
"207" 6.29051106307603 26.0533249420301 2.32409507492366
"208" 6.2156918080851 29.0546237118364 2.36753548889253
"209" 6.222557468571 20.8556686272531 2.55735306940895
"210" 6.1733741323902 10.4643687769745 2.72198293523913
"211" 6.19313942595553 20.5776608807441 2.66891252153718
"212" 6.11072609126253 13.974802860146 2.73770762799789
"213" 6.09641684824346 20.0308714549529 2.94481593154033
"214" 6.09537465020413 11.3135378675724 2.88859587390753
"215" 6.07071682837822 2.05012979595742 3.03401805752838
"216" 6.1048148862533 17.9593759927148 3.04316238187352
"217" 5.98176098776154 21.0221526961114 3.05147705598118
"218" 5.95550148104471 25.7854161189163 3.17981683985565
"219" 6.00065000018573 0.0854893590353265 3.0588294887142
"220" 5.94477580156711 17.2633410516061 3.17536814645778
"221" 6.0370368532719 25.5871945213857 3.1513020241728
"222" 5.97597445851029 3.44502428515043 3.2307360199866
"223" 5.95553281974471 6.20887148756131 3.42506770956347
"224" 5.96999441892629 12.7569432311631 3.49754253068333
"225" 5.82953298335703 28.0047100406269 3.32871791316597
"226" 5.9252459363966 16.36803213535 3.42259342011842
"227" 5.86350462881073 29.0906219157295 3.60140593800789
"228" 5.76011572929284 4.54783469329108 3.62061663433994
"229" 5.8018351215079 29.8088560381939 3.60950838530436
"230" 5.68908264759467 29.9215922598366 3.69351577357869
"231" 5.6248405142689 17.772270669255 3.74022783674059
"232" 5.75272620989656 29.4863033965329 3.8702312570869
"233" 5.71434773964556 14.6586992268938 3.85283968594181
"234" 5.70715751526137 12.5156155038916 3.82320091100787
"235" 5.62942052890666 10.5203922949063 3.9181581731451
"236" 5.62145554394009 9.48906957692727 3.992957884741
"237" 5.64456453902934 23.6706859980942 4.07441362614986
"238" 5.61184662950929 20.7605351332937 4.07054302561591
"239" 5.55720939807308 21.1119133329029 4.09219974615849
"240" 5.4848698550502 11.7370432164996 4.1761292883504
"241" 5.47497215150598 29.553938539685 4.23212798251602
"242" 5.52297056168367 24.7438578848428 4.29088312966612
"243" 5.48553173712216 28.3331082555394 4.26842383468585
"244" 5.35684096127114 9.42589954388658 4.28815587135877
"245" 5.39386672643911 0.399230611779094 4.40423253786264
"246" 5.34065331511987 6.69973631421179 4.47785022047297
"247" 5.37212234823627 27.976877558018 4.46357338932964
"248" 5.34326968698811 25.1397725524169 4.49544700732454
"249" 5.29503012375423 9.3961628791516 4.49422762836896
"250" 5.30155694161453 21.3032494671718 4.6034764727206
"251" 5.16122666094466 5.11897312385147 4.61021121490246
"252" 5.27635621726247 21.9845958819113 4.72730821512901
"253" 5.20507589905757 22.8377009240003 4.68589699399388
"254" 5.11556529719523 19.188005167773 4.80964774391274
"255" 5.11595506875785 18.8720837260595 4.8877954290816
"256" 5.06538156860627 11.3011514447609 4.83270715217641
"257" 4.96779790511022 13.4261874802422 4.95410646068644
"258" 4.94824981582391 17.7480354309402 5.06058557656269
"259" 4.91097426670839 20.4879655080413 5.12892880892878
"260" 4.87165678755255 7.40186388243117 5.15722404178186
"261" 4.86135045891183 25.5423809443611 5.27949755313669
"262" 4.76587830949752 22.4322071136285 5.24767871359204
"263" 4.70152907993234 2.38994003780144 5.44170435377009
"264" 4.54857767461242 18.7257309407407 5.489749540062
"265" 4.57941788066868 5.68557021089875 5.63660184377762
"266" 4.49281839992472 10.8333201217551 5.68175376254408
"267" 4.5045301332452 16.0462435953392 5.70468961032727
"268" 4.4925004256105 13.6278545339497 5.62768436120972
"269" 4.41363788601062 25.4434844407105 5.62610804880436
"270" 4.45520106837642 19.7202139576238 5.70706178163364
"271" 4.37586493541714 10.0289041528176 5.57277194850062
"272" 4.33347117825062 14.4656896189664 5.70501907553614
"273" 4.29107691673579 19.6874243766783 5.81992511235888
"274" 4.32153309048916 4.9155976264146 5.81240425178878
"275" 4.26352848007769 4.25611021572478 5.72214138173253
"276" 4.2754274674521 19.1282379127888 5.81848582468946
"277" 4.24431884363811 9.12272548949633 5.8756109054513
"278" 4.22146017587782 4.20105465320872 5.86335543487549
"279" 4.25108726184743 2.23117135689543 5.97918648503367
"280" 4.21261939063886 21.47538527156 5.86005058002015
"281" 4.22250240765096 27.2807014348221 5.96280406639872
"282" 4.10595742150907 11.3882657856397 5.93117630042938
"283" 4.11881308087713 2.9364865125974 5.86977769537414
"284" 4.1015403996816 15.2567299617401 5.94921179436807
"285" 4.08239388714545 3.38890529849688 5.96003997729039
"286" 3.92178777633987 20.9206571211486 6.13101220310528
"287" 3.91690678677765 9.79152027788043 6.12432403823962
"288" 3.68646997641955 9.54390667563418 6.24322328390845
"289" 3.67153197727053 25.7296863741385 6.33650135371539
"290" 3.64602729088967 8.65942772084103 6.45387602402843
"291" 3.59847201751433 3.70286961634266 6.38294276271891
"292" 3.48343228584111 3.87020215422223 6.50282334800966
"293" 3.47419306561853 20.4559567645708 6.59131244182773
"294" 3.421643257155 20.2457952652813 6.51330006129903
"295" 3.44643773668989 27.8092436721682 6.45303446857975
"296" 3.35328373300157 6.65930073744208 6.62585788588611
"297" 3.15631201784807 23.7048105357987 6.70629547792284
"298" 3.08898916528612 5.10120434967241 6.77863453578656
"299" 3.11884798790041 0.169157362751496 6.74581106494997
"300" 3.13575017046646 26.2417863850186 6.73635250980305
"301" 3.10289290460352 14.4116590719573 6.78038683671297
"302" 2.89975461890986 19.8906105595317 6.94372425564011
"303" 2.71811209323515 8.68806207445628 6.98578316604081
"304" 2.77672763345352 9.99195870846356 6.94356993850088
"305" 2.44619111048602 6.52574053469116 7.11008880191567
"306" 2.52678516417214 11.6291574926582 7.15254490576645
"307" 2.47899872184899 8.20114555183814 7.20294592172082
"308" 2.26281922348099 29.8316059017297 7.12979369170396
"309" 2.1209282565505 12.2839798463758 7.23062096323577
"310" 2.13390555324721 28.8406206355044 7.15272327484868
"311" 2.08495009413074 8.54130952203809 7.24469710597257
"312" 1.94570451547973 3.90328314099229 7.34330411524983
"313" 2.01564661291409 13.3665270271036 7.35741753576739
"314" 1.85208785015955 9.68605358585527 7.34468100480847
"315" 1.84892457950364 12.0425673711879 7.35210181536526
"316" 1.8097575619943 2.37718738752842 7.47100961952958
"317" 1.73718030362311 3.53720251974603 7.33695922942928
"318" 1.63217738196804 5.97047390276561 7.46387105344485
"319" 1.53193872184723 20.0829768836706 7.46026789086731
"320" 1.45323973340925 0.613650337809936 7.47032933631698
"321" 1.31775584752492 28.3208114445636 7.56172384917831
"322" 1.29544785031972 29.4156896543156 7.54806210457656
"323" 1.36123717267143 6.72246064864196 7.59241521023775
"324" 1.22674645905459 8.74562430612866 7.67313515805061
"325" 1.21677045302185 5.04488916078918 7.63816632855579
"326" 1.11158983794803 29.3598732084912 7.6535769509675
"327" 1.1401328587343 18.9555143033845 7.61390512081263
"328" 0.888164349023246 14.0679873508592 7.68129637409562
"329" 0.828464301523266 18.4270837058203 7.72639988602045
"330" 0.887001974355635 14.9193778485716 7.62288488330936
"331" 0.805423393798294 1.28154350351601 7.72843484695017
"332" 0.421217459299636 11.3667140328808 7.7886648151748
"333" 0.467189641616345 29.6096564387244 7.75005503852678
"334" 0.260133771325916 27.4929003308265 7.77740221481851
"335" 0.442578460338914 3.2574198256629 7.8229448910522
"336" 0.460538249369777 26.1795514497052 7.84612007071903
"337" 0.231953827106961 9.47111880249152 7.71803320836559
"338" 0.129433253146063 1.66037188770836 7.85587911379276
"339" 0.161758843101792 21.5273512739042 7.77406001961917
"340" 0.0722447186261601 29.8806324405672 7.77985891399434
"341" 0.0417144429493771 27.9231417586891 7.8118693579168
"342" -0.059310859089007 15.0361380827216 7.89237395176384
"343" -0.0544309952476309 1.53138905926631 7.76851600099594
"344" 0.000404398014238888 16.5660641050247 7.7782115955167
"345" -0.174050631432893 21.9786933227801 7.87325709429367
"346" -0.138387728288143 14.7091932852562 7.93390452010994
"347" -0.192065052609265 11.3451022624878 7.87234001774426
"348" -0.2184450520092 19.1697346782534 7.80599814826931
"349" -0.302151343118893 3.27257920140171 7.89420758516357
"350" -0.403496890817403 25.4740323292478 7.94229772505147
"351" -0.345787239396316 9.3145640115633 7.89282137162199
"352" -0.561713377729425 21.6347275217545 7.83747688789217
"353" -0.644739284242418 25.7482833277229 7.91475901463047
"354" -0.641645534118847 13.1546298137769 7.94140855762815
"355" -0.626701960404214 17.1740634189384 7.80141408533357
"356" -0.712339607888536 20.064476781869 7.9117922379871
"357" -0.984825208123444 28.0698230320652 7.98208481041062
"358" -1.44970676562219 8.43348750453309 7.93556963916776
"359" -1.42835256161755 3.61334652317988 7.83457514443129
"360" -1.54269721215951 1.55138180657891 7.89593255741338
"361" -1.46609684036036 27.9252838017894 7.79996374100153
"362" -1.5376953845022 8.09864860477441 7.96642597330032
"363" -1.61778724837926 25.981126907702 7.8284996830403
"364" -1.69202028617907 20.5534581814392 7.90729615863838
"365" -1.6324671013795 23.3349270267999 7.83528273510138
"366" -1.73800780173533 28.2884807163487 7.90233039735291
"367" -1.80667369271971 22.0124626029021 7.93354371390919
"368" -1.87737250239343 10.3492690692191 7.89158042687632
"369" -1.9214225828319 19.1312247772489 7.76461291381519
"370" -1.85832978808393 9.66031669710952 7.7318021111675
"371" -2.28312900628405 4.28166359280656 7.8138079986678
"372" -2.3836847309509 18.0938527177043 7.8435631407069
"373" -2.43290697027292 11.9755592707041 7.75708802647953
"374" -2.45745700022065 11.1130193751442 7.80638533801079
"375" -2.54726932038623 16.2260742823046 7.77789546357408
"376" -2.63821583534408 0.253452727818921 7.82460943922507
"377" -2.76864027979038 1.62621561325953 7.7138240012436
"378" -2.70825522974755 19.4118132867357 7.70916177328116
"379" -2.86373539686635 1.41312318694788 7.71972153531478
"380" -2.97457586010235 10.7061783520487 7.68666611406724
"381" -2.91805058177431 16.0598083926416 7.62553481755913
"382" -2.96439752583101 24.0498725664989 7.65463645698354
"383" -3.10291224687706 8.0528935222815 7.68762578743115
"384" -3.22308992495653 23.5367820725393 7.6031161190461
"385" -3.22536450480157 10.8311947179765 7.58942844915821
"386" -3.31841647757603 8.21135305844869 7.65240274062096
"387" -3.53814728146466 21.6310622185017 7.53575448307441
"388" -3.6972349070364 3.18428695747814 7.45667581891454
"389" -3.80078825494196 27.1791163312212 7.42600414360997
"390" -3.8817297610858 15.8220411785959 7.44208598627392
"391" -3.83123116396342 1.42792510676177 7.40113798572849
"392" -3.98054791556788 20.7882773713477 7.34772005503473
"393" -4.06393407203048 15.8564798783707 7.32181665842965
"394" -4.07901994159565 23.6809014086613 7.25950545524245
"395" -4.02574382275796 2.86757586032656 7.38339219796642
"396" -4.16466728066491 16.8703692681144 7.27308065053367
"397" -4.10476799095239 9.19185159208956 7.24062484124403
"398" -4.13678078866359 15.1150652658372 7.33924045800252
"399" -4.20550265440123 4.26300632030926 7.23351458335025
"400" -4.17277191235498 9.482201735034 7.21690486037219
"401" -4.28664474163189 9.57514888365844 7.18473278994899
"402" -4.32443468170766 22.8657758879967 7.25512914534269
"403" -4.40311387138715 28.4195359356967 7.06424752037123
"404" -4.49885583699841 27.9455591098153 7.12117471001603
"405" -4.46657125719388 15.0600444373955 7.14417106332259
"406" -4.54919199005056 11.193004535371 7.0891520946965
"407" -4.6464394522401 26.5746550241514 7.13137007379571
"408" -4.57640496660874 13.2614374733311 7.11520508134147
"409" -4.60612299254586 26.5222360775633 6.96843724427385
"410" -5.05534337849369 29.4714296455345 6.84096839915307
"411" -5.01348194649073 21.6071233570536 6.82361973253362
"412" -5.12987369402251 25.8257335243155 6.74652898851243
"413" -5.15450496796545 4.84960591900354 6.75254063338709
"414" -5.14114520528293 17.8164019918835 6.75199573896834
"415" -5.14637705893309 4.30739502848514 6.68778686444789
"416" -5.33125249187583 6.43045986540177 6.66956589744383
"417" -5.37585839271157 24.6175882699751 6.51302311340761
"418" -5.34831860997188 1.97252388538261 6.60210420938375
"419" -5.58570106270533 7.02319262211046 6.64121476636079
"420" -5.53542118884778 8.8496465620618 6.55535102138241
"421" -5.58444306602044 13.0241398510548 6.42683847932981
"422" -5.67041246162561 20.7461454788522 6.45701709202155
"423" -5.71847593704517 6.43173092267658 6.36193577660489
"424" -5.7891168299303 23.7563851378266 6.35539599160796
"425" -5.91386014853967 1.19549273739319 6.2519998775745
"426" -5.90318270408131 7.59347411392422 6.21685788836424
"427" -5.99724599184093 19.2305058258453 6.2620345719815
"428" -5.9366320263015 0.367245537729232 6.15442969579563
"429" -6.26018730938054 0.62182464421844 6.04271220130822
"430" -6.42647385751004 2.58671408683351 5.90405188915308
"431" -6.48103026673712 6.71965058209505 5.76903102715747
"432" -6.51804734681462 18.0267690755423 5.79807050751135
"433" -6.6192686714384 22.9332328443033 5.67246203654621
"434" -6.65366741568427 10.8722410552998 5.52554501759026
"435" -6.66029438170628 0.877546158049749 5.57431776056195
"436" -6.63615310907407 21.1428193006655 5.61241676188441
"437" -6.77564476874388 0.243985137124138 5.46908870575009
"438" -6.79165880489224 29.2962630016599 5.54376675984297
"439" -6.73226804886371 5.23930433019965 5.47837104479624
"440" -6.92072404305907 7.09911231913826 5.4705221655366
"441" -7.01543965933824 4.87217804148445 5.28341286631507
"442" -6.98875016579778 25.1490331664408 5.44003250572292
"443" -7.01546574852418 16.2999952178197 5.2949578386478
"444" -7.00044521918698 29.513175536577 5.22896191447773
"445" -6.91961514295428 16.0987985653086 5.15133425525182
"446" -7.13311374909315 15.3287403088809 5.12383922886885
"447" -7.16359126772587 6.99724384778697 5.14177330594702
"448" -7.24211722668437 21.1677586945846 5.10862503373083
"449" -7.26047352375537 14.2246442692879 5.00357878094928
"450" -7.33834773360449 1.23856322861709 4.94798931949225
"451" -7.37804236117872 -0.00562775656070243 4.77798340871786
"452" -7.39870622944911 18.8498535570681 4.8864060862848
"453" -7.51069668605531 19.5555341669288 4.73402534844011
"454" -7.49970747067701 23.8580310304892 4.7365987178733
"455" -7.46983852735498 15.9817562757331 4.65439302562143
"456" -7.52482234408468 25.5387781170491 4.5503131048625
"457" -7.61176400106674 10.6516629852418 4.59506834368843
"458" -7.61923217665954 12.7004273340202 4.45650355577609
"459" -7.72076569217552 29.3910901623867 4.48672823177505
"460" -7.68050308465342 3.43103739410688 4.45511275489375
"461" -7.91161781684777 0.193175103223052 4.1502837432761
"462" -7.89347605319844 27.9724558636837 4.16268659831036
"463" -7.9906446340551 15.0545138445803 4.05727346877856
"464" -8.11735748576664 5.45800527603519 3.78485672035476
"465" -8.18892819536076 24.5600117748701 3.77033748300297
"466" -8.15039033852029 15.8999614595033 3.72889986754666
"467" -8.18542598834438 4.81604877196856 3.70521729368873
"468" -8.19742966445608 14.5678814999813 3.80645069883748
"469" -8.34771611292455 28.4190009618787 3.59861062304438
"470" -8.18886397050832 22.8602647431609 3.64820516205521
"471" -8.36612781256243 24.4906786157543 3.48651055562403
"472" -8.3647218302964 14.1850832647273 3.53659389071849
"473" -8.26464436521374 18.9814898291994 3.43028694085677
"474" -8.26874566273567 5.40517778474049 3.51899428987308
"475" -8.40465821630263 28.102750753041 3.28085840350862
"476" -8.49970943405424 14.2868762375014 3.3589899693054
"477" -8.5546168092945 18.3409470665054 3.15875356735478
"478" -8.56785320486747 25.7773826684528 3.07008168535175
"479" -8.54139536909935 0.170729423484382 2.99867362057357
"480" -8.62477813698404 12.9638349104604 3.04889732051897
"481" -8.60826991319047 2.19800199990894 2.83197671465749
"482" -8.67544670222055 29.224570111743 2.65812229232184
"483" -8.70316759722682 24.838567882912 2.75336520354381
"484" -8.77734016108554 20.8157392848904 2.69023767674704
"485" -8.74727182597371 11.9380394112924 2.55105979135684
"486" -8.88088802153547 16.529429048219 2.44177185025919
"487" -8.88784914669212 10.7255323150836 2.5241367336359
"488" -8.91648260519668 9.64406688910517 2.13800467475935
"489" -9.08250121807989 20.0749133802672 1.89446459769935
"490" -8.94565763822154 13.2179854028935 1.77139908415905
"491" -9.05866119249163 13.963129995441 1.85533611489821
"492" -9.15224527341536 27.8830476257637 1.68755024985427
"493" -9.2308583790122 0.583927366589789 1.42016259969949
"494" -9.11667121877741 25.6573552903801 1.4931366820496
"495" -9.16202538342313 17.6744485189965 1.44919929957958
"496" -9.17584732319724 22.5737964601363 1.30615790291269
"497" -9.23661717785212 14.9146591331404 1.30050323524567
"498" -9.22274439299378 15.6083639054774 1.08806134235695
"499" -9.26642012235134 7.77076742866167 0.908119240899554
"500" -9.24603624974992 13.2921202261641 0.900488070002133
"501" -9.26991875797176 26.1845171690611 0.800991793991391
"502" -9.24002810183024 6.35003203898957 0.852439211485357
"503" -9.29096862655152 18.4743237472213 0.731584339654117
"504" -9.24413665432189 25.5279503642517 0.710836071518122
"505" -9.37368072583808 22.0658688941673 0.577658094811755
"506" -9.26616258215217 25.0222782416035 0.547072043319487
"507" -9.34006618542464 9.13511258565715 0.481702645521288
"508" -9.37626491039542 25.2551405014696 0.423016054420252
"509" -9.39727066867565 11.3638220918717 0.391244433373281
"510" -9.44312501507924 4.89640100689425 0.3084226895708
"511" -9.41738231440717 3.91455488029657 0.0703057087927189
"512" -9.3436612299158 12.7231433426843 0.113705837982864
"513" -9.51466459200272 13.7773400708225 0.119194819395111
"514" -9.44311237847541 12.176434383408 0.0447125683942995
"515" -9.40753016634132 2.12426532537528 0.114022978566611
"516" -9.35732407403889 10.6921999083143 0.0576499905866835
"517" -9.4151881556995 22.8138724301899 -0.165289731437411
"518" -9.53654998102811 24.1192634217774 -0.347022222159604
"519" -9.43484375027866 3.41945200179319 -0.436088973990867
"520" -9.45550012378938 12.1560838171093 -0.487976105983782
"521" -9.48344910879274 16.9964792220365 -0.547512895232825
"522" -9.40262926222898 21.4263966962668 -0.535365742699424
"523" -9.54341945570534 4.29117318179981 -0.660765099749846
"524" -9.44782960825419 11.5115998152308 -0.780055694730145
"525" -9.44056585440398 13.6656121501502 -0.794500162188976
"526" -9.39212833939924 6.09910084654796 -0.906228203100621
"527" -9.45389749129657 19.6074737615658 -1.0129853222694
"528" -9.3968359414236 15.0842979545031 -1.15044011016294
"529" -9.44743534509408 17.3477418645539 -1.29937021513278
"530" -9.40772988606316 10.741945743451 -1.33615289872751
"531" -9.44581554167736 6.66084022282573 -1.33602070636561
"532" -9.46042223343785 25.4035661304243 -1.40418214416075
"533" -9.45600278514142 12.500421061959 -1.45615357563654
"534" -9.47495341324793 22.2097893550895 -1.44413226858916
"535" -9.42197939770863 18.6957636482117 -1.44966947718655
"536" -9.47872071468949 19.0528120356532 -1.52665078310936
"537" -9.48188839702667 8.92649239617008 -1.61658787095418
"538" -9.35985704408355 20.1729541864609 -1.71137779266335
"539" -9.46045640381479 14.3290265132202 -1.85696347058992
"540" -9.40322469550884 17.5951287203945 -1.96711242134372
"541" -9.4755348175471 28.6939175815289 -1.95215936038929
"542" -9.42618048142582 13.0012151146213 -1.85685508494186
"543" -9.33674930722459 16.2076626074349 -2.14367256309181
"544" -9.35638630691943 11.4071492933848 -2.28748923211131
"545" -9.4436958918574 7.46647309015387 -2.38477501311968
"546" -9.3681453145552 22.8083648671826 -2.51474121940334
"547" -9.3484006325836 22.3816581175012 -2.53782659075885
"548" -9.462436988816 7.36169058294483 -2.58988666636763
"549" -9.32116843161631 4.60786793055757 -2.59308221065955
"550" -9.24530904200556 10.2259583748665 -2.65288918872525
"551" -9.4106369540873 5.7221302887484 -2.69304322936831
"552" -9.2499363050745 12.7235672292561 -3.21636141595171
"553" -9.13188349014603 1.08346985995648 -3.39474920403573
"554" -9.18336453611878 22.6829131464221 -3.36340385944088
"555" -9.12122353929075 25.0391693477699 -3.52221067459355
"556" -8.9859647314441 25.5129241153015 -3.62681685658459
"557" -9.10290140420202 20.9450878654596 -3.66702406969206
"558" -9.11719224478984 14.7099956340123 -3.70133248609888
"559" -9.13799151787288 3.73662369994967 -3.77161730148591
"560" -9.09922259600214 0.755176057491707 -3.82918902892563
"561" -9.03003224271138 20.5792006027218 -3.78061125610287
"562" -9.08104178432559 3.39129171517453 -3.88274177420157
"563" -8.98184748608295 5.06899280605729 -3.86258547544302
"564" -8.9894877291733 9.47176850336774 -3.89372384405554
"565" -8.97835480936044 8.24636532151311 -4.20137851064375
"566" -8.9476605021793 0.830842809177489 -4.24665180423254
"567" -8.76538619304825 21.8201463906528 -4.45098626054956
"568" -8.77711210047879 6.22289343850668 -4.68775363999753
"569" -8.65033197306533 24.1460536990253 -4.9233996063942
"570" -8.63087548542524 7.91554972876805 -4.9697827224617
"571" -8.60003269994496 2.04225657986293 -4.99598360493394
"572" -8.53895989771658 29.346399149916 -4.99504501729988
"573" -8.52417754101892 15.7596752392797 -5.24378616963591
"574" -8.41156868572061 9.95621607557781 -5.22342146993558
"575" -8.46158513590348 24.226946644593 -5.36609895731859
"576" -8.36098726133569 5.39632928948556 -5.39949813072138
"577" -8.39034040447233 13.1247555849396 -5.39302578827236
"578" -8.33450574525402 27.7560148386264 -5.51055130309824
"579" -8.21542322376963 14.0117057523238 -5.71544807957365
"580" -8.26437459082209 1.63845566900475 -5.71718704332993
"581" -8.19977921921068 23.5271185291384 -5.80266511223183
"582" -8.20524996668184 11.2497961163402 -5.8928285334174
"583" -8.14928998077281 18.3888241766139 -5.85712292082175
"584" -8.18770699280606 7.66951440512191 -5.90158666402983
"585" -8.11803410066744 9.56132699797538 -6.01863510303353
"586" -8.04867353982114 0.0769644744015451 -6.07014226374356
"587" -7.99823797357073 7.64563408837973 -6.09994115866577
"588" -8.03512569863702 21.6031202451528 -6.17800992963855
"589" -7.92908030499877 23.7969665282727 -6.29198606313578
"590" -7.88481107797678 12.530864515648 -6.30284916961329
"591" -7.82736130954998 24.9658091724855 -6.45506101857177
"592" -7.68837580111787 19.9252681013612 -6.53137032800873
"593" -7.6894866133443 11.634726853882 -6.60556161626135
"594" -7.61894293972913 28.1308062792428 -6.62150193621476
"595" -7.65908766531277 11.2863105606726 -6.70643331938258
"596" -7.65794834729484 25.9708959257645 -6.6006332615586
"597" -7.55008940127686 27.9922346884327 -6.88142104393192
"598" -7.59835375753972 10.6438370222067 -6.76015825305569
"599" -7.53322315811647 27.3952111381884 -6.76010774820187
"600" -7.43422024575644 2.02237663045659 -6.96617551259498
"601" -7.39414983513535 29.2878924184642 -6.98386137688987
"602" -7.3975378843934 26.1806997666135 -6.90808305483597
"603" -7.20713865552769 7.91621279745195 -7.35337359624575
"604" -7.14410469751563 13.6543364788739 -7.2483222505946
"605" -7.16523259456028 4.74510578844421 -7.32561658646097
"606" -7.08247858658815 17.7785640437243 -7.29524282149328
"607" -7.05221607215542 3.84042505205124 -7.43425695263469
"608" -6.94849636407999 21.6469802521952 -7.52589237169369
"609" -6.90488965159945 25.724939773963 -7.64944309848457
"610" -6.659028431298 21.6869611760423 -7.82374243819993
"611" -6.58274749786871 20.31912084806 -8.00555412112858
"612" -6.48993203056449 9.5781609213136 -7.96862792924839
"613" -6.53018828311634 13.3248893756172 -8.02316143764012
"614" -6.48156002840009 29.7122874377767 -8.00297650586709
"615" -6.53956869345546 3.16530305217386 -8.01192736083132
"616" -6.31143560333228 26.7923690051418 -8.09058615749434
"617" -6.27074448047262 22.5748199402415 -8.16727521016268
"618" -6.2224269872496 18.080649071891 -8.33105666440779
"619" -6.14504464347864 28.1682908402617 -8.38398012840957
"620" -5.96653726038963 0.688418949189474 -8.4362528116475
"621" -5.79019137454433 23.5710868699943 -8.67683955110922
"622" -5.61852219572303 19.8393197688517 -8.84357907709683
"623" -5.56697118834344 26.4146020121643 -8.8729863592244
"624" -5.54508208840235 18.6809451217319 -8.76525996487411
"625" -5.46733072786227 9.11198888332573 -8.9903025427346
"626" -5.25435327477191 22.901208250005 -9.04096649057627
"627" -5.30480832506148 17.090241390887 -9.01368409403803
"628" -5.14028356717082 22.7711998965971 -9.09351258933587
"629" -5.1015095615596 4.51085091007628 -9.09108342801221
"630" -4.95403256774012 24.8916762980004 -9.12224620910638
"631" -5.07156320034215 27.3442333863776 -9.22115915468179
"632" -4.88933743690121 16.8706495755208 -9.18856108936696
"633" -4.74874290214575 0.558654218077288 -9.36651170319475
"634" -4.81039681669312 9.82173719581927 -9.31869819365537
"635" -4.5611423738511 20.280090291201 -9.48517726018449
"636" -4.56284996339953 12.1417206543252 -9.58068092353592
"637" -4.47415754938264 7.19627456251961 -9.63534047499401
"638" -4.3131973992541 11.2330194014901 -9.66477745952899
"639" -4.15609378957992 16.7094507477204 -9.70385433622485
"640" -4.10927412201021 12.1576768553216 -9.70429415244182
"641" -4.187146459252 28.5497937383277 -9.65511154379478
"642" -4.07365296909627 27.9160611361042 -9.78538309660213
"643" -4.06629810632175 25.1307072608056 -9.72199195205593
"644" -3.83214493357631 28.9024285202565 -9.90641279316549
"645" -3.77084095488506 9.89335574587308 -9.96219859076228
"646" -3.6971755406983 2.99386349487522 -10.0078705483417
"647" -3.7095238295248 2.69021486756455 -10.0594952404506
"648" -3.53867857218159 23.3321712482975 -10.0484177843638
"649" -3.58869879176425 3.77353382257305 -9.95953937535274
"650" -3.50383474535211 26.4530943265131 -10.0556858839661
"651" -3.35709632012502 2.14473053223743 -10.1030551852373
"652" -3.19860013116913 19.7435718057625 -10.148597184855
"653" -3.07731450576222 19.8925598699037 -10.2455815310208
"654" -3.08220446309522 3.18115874186929 -10.2481593430964
"655" -3.05018855974769 13.5384596159136 -10.2463844957674
"656" -3.02120504310503 7.55093093404371 -10.2901031102639
"657" -2.90879904099407 27.29520723697 -10.4159204503948
"658" -2.67937864355257 3.17423140556074 -10.3666084331097
"659" -2.60690993512461 24.2409072451284 -10.3399353793991
"660" -2.41674951672512 15.6199198585709 -10.3837196305458
"661" -2.28060832104115 12.776512702065 -10.563819472862
"662" -2.39591284632458 29.6249841688621 -10.4699477139409
"663" -2.14942889352434 19.284848978237 -10.5753626295794
"664" -2.05602195364538 10.9168265884653 -10.6015947045262
"665" -1.98777447309645 22.54748864707 -10.6031753027074
"666" -1.82659339613625 12.7707986742217 -10.5618274459761
"667" -1.72909514008296 26.7606427095779 -10.6539776533309
"668" -1.73034497891373 11.8744126098431 -10.6240305539209
"669" -1.75108030073025 13.7330366419472 -10.6393266066049
"670" -1.5151209869129 1.67007311062525 -10.7789378649898
"671" -1.61302789442552 1.32575847775391 -10.7218857987655
"672" -1.53304340980417 13.1124404823034 -10.7035515900654
"673" -1.5241639062391 8.14266529905924 -10.7814472918466
"674" -1.42081187964999 2.96395667531273 -10.8465198333683
"675" -1.35537895404123 8.40325874551667 -10.8446628298445
"676" -1.31636964221756 16.792145376202 -10.7717263090189
"677" -1.27084533119833 1.07075335221317 -10.8308477924148
"678" -1.22681334423165 24.3875055172738 -10.8825784779354
"679" -1.04419284817475 15.106645264702 -10.8665595998104
"680" -0.903889982774499 19.2033770625523 -10.8621585612123
"681" -0.885329285474871 17.9125414032953 -10.9267064779158
"682" -0.391326990319736 5.9742708135173 -11.0118414423865
"683" -0.405766860423278 24.0171755722844 -10.940782462857
"684" -0.347226869573246 1.70731615034183 -11.0165292682991
"685" -0.209305758343783 5.2624733276918 -10.9192661197858
"686" -0.112410416485322 2.92490624940539 -10.9808102271362
"687" -0.0238261640182642 6.90851501797466 -10.941303662311
"688" 0.0876669898213209 7.01199062598363 -11.042509824228
"689" 0.227195432958973 6.33160169943321 -11.0198281331449
"690" 0.266895889194238 2.37286264905625 -11.089993308236
"691" 0.417665905881702 20.1617751210887 -11.0736342391461
"692" 0.71637669119932 20.6677933288411 -11.0571248318454
"693" 0.889282379434892 24.0903911250722 -11.0672481868083
"694" 0.911765330984375 7.20478803117903 -10.8879996484909
"695" 0.962545360536616 0.514613259390946 -11.0745099070473
"696" 0.953445867392461 15.8953809993747 -11.0163317309901
"697" 1.16816751871276 15.0907674473169 -11.1002901263831
"698" 1.12361852859308 21.5965900362324 -10.9939439599864
"699" 1.29718968130143 23.183083197545 -11.0066488617485
"700" 1.42428200097006 22.3958963601614 -10.9862671516231
"701" 1.58679260898059 25.9262201722629 -11.0106313306294
"702" 1.90578017087308 7.68483555272735 -11.0215240329504
"703" 2.1052305778599 1.46090046990229 -11.0040744880492
"704" 1.97366442717991 19.0027352808468 -11.084443568339
"705" 2.42217716237499 8.62279033752189 -10.9021281901769
"706" 2.79674604003983 12.4711842760275 -10.9532006494932
"707" 3.19882495675589 19.1413930080292 -10.8735021876916
"708" 3.23164328938488 13.6629989474188 -10.7866151292202
"709" 3.42355599043706 24.3774451789376 -10.8139213989701
"710" 3.42348067986282 0.731848187321355 -10.7942998929219
"711" 3.5374200457848 16.4485140001437 -10.7776703666456
"712" 3.69691503797099 19.1997217178592 -10.6688737940587
"713" 3.72131005290633 26.3434450192395 -10.7022380238653
"714" 3.78248799953501 7.97119874073132 -10.683532213388
"715" 3.9065041443327 15.1141070827245 -10.615519197245
"716" 3.94153647016847 13.4958380436857 -10.6811979453775
"717" 4.11861204583384 29.5865407032042 -10.5728163737179
"718" 4.02869352144503 0.977690635527748 -10.4983769511796
"719" 4.27698435306415 8.54129638075498 -10.5684942033924
"720" 4.5323131547931 5.21463962377359 -10.4966930083944
"721" 4.55084131168933 7.82982134824399 -10.4903360409982
"722" 4.53953542302634 28.6929966099001 -10.4503161526841
"723" 4.47099000569277 22.6157099912749 -10.4035516300287
"724" 4.63177110240038 24.1758184887678 -10.4487990651785
"725" 4.66236898240003 2.18158138449167 -10.4074158487115
"726" 4.76331007599555 24.3864283573074 -10.2822282415495
"727" 4.88295365102623 3.61860172710953 -10.318197668139
"728" 4.98562899645005 25.6742242825841 -10.2490406101982
"729" 5.01399215779121 29.5177992328644 -10.2431869792117
"730" 5.04145908667608 14.1592900407189 -10.2832069030401
"731" 5.21791642699189 5.22732717369499 -10.2409443029051
"732" 5.24198826172827 22.3421807655917 -10.2056964246257
"733" 5.55883962163504 13.3088161986668 -10.0367063411458
"734" 5.7771724806432 6.99856246425941 -9.93532519259839
"735" 5.83777899830502 5.26604275423704 -9.92950481559657
"736" 5.87244229277342 27.637082324479 -9.90517262525585
"737" 5.95629178770814 13.5445344740368 -9.85763616265184
"738" 5.95022329036697 18.1946622805383 -9.82444618480736
"739" 5.97345859413543 19.6130385471463 -9.88232477633782
"740" 6.05264789517892 28.3888432563354 -9.88042302511855
"741" 6.0976923233791 1.56348368342699 -9.82146731265039
"742" 6.28983511717867 2.2810057987606 -9.77561185264951
"743" 6.30043046745796 15.2090561703128 -9.70463079701937
"744" 6.37830445019458 17.8645608662135 -9.81001624557685
"745" 6.46096946445737 22.6510703935647 -9.63785812539493
"746" 6.4727336095968 18.1343854256145 -9.49363549798203
"747" 6.50623364408972 13.7332366562125 -9.52919802999107
"748" 6.65714534680176 27.5555095765283 -9.48951281505361
"749" 6.64480148676906 1.16733538187456 -9.44529528404263
"750" 6.80637242471681 28.1668993392584 -9.48309996191401
"751" 6.76951590754232 20.3753635545368 -9.40493116518391
"752" 6.83438773383335 26.9996864652775 -9.43140726565105
"753" 6.83907064132354 3.05676287675717 -9.39380414380857
"754" 6.91204136878676 16.6969422683818 -9.34685758005742
"755" 7.2546034052541 5.17404535828346 -9.23024603459357
"756" 7.1550610521568 11.505107636286 -9.12517549082719
"757" 7.17962295211962 13.3498220266346 -9.13648408475346
"758" 7.19144606118112 10.7935931611154 -9.19353120435769
"759" 7.19758395274867 22.2217766611358 -9.17372430769863
"760" 7.25690394707135 7.98836142704998 -9.06461669339161
"761" 7.30624075422817 0.398872057388779 -9.03256349705877
"762" 7.43632763589935 18.9506385736781 -9.09055711284663
"763" 7.45162779321911 26.8385458675038 -8.9473995125732
"764" 7.48938254704117 7.07809129220862 -9.0894008224316
"765" 7.51134499751664 27.9572185529767 -8.99874573112331
"766" 7.70747472678381 18.3983076562153 -8.78005849063581
"767" 7.73262264765289 4.16927069568689 -8.80779374638986
"768" 7.85103804864177 8.82446332187562 -8.77157021334711
"769" 8.1677566364382 11.6656600144159 -8.494976199152
"770" 8.19131590058236 16.4535298292132 -8.40393459829094
"771" 8.24220227246371 3.44844857283999 -8.35669306471882
"772" 8.31807835835026 19.3751295501328 -8.30319018049182
"773" 8.69510412875774 16.2554525405261 -8.09665421045839
"774" 8.66153343553495 14.073554526238 -8.11880524790222
"775" 8.64753942976477 20.7010749536087 -7.95505224839919
"776" 8.58630166760576 19.4096254828826 -8.04066039328148
"777" 8.86021087880312 23.9150232620707 -7.87616484523544
"778" 8.81284113518238 9.91112950119653 -7.77088000958284
"779" 9.01769138044849 27.010942957229 -7.88838559750786
"780" 8.96348235644612 20.717419183446 -7.65314653203078
"781" 9.0276804207343 19.8612084356963 -7.72826638484696
"782" 9.17187732501073 6.81176796812891 -7.55063196817423
"783" 9.27512683874478 10.9572316846754 -7.40332427007106
"784" 9.51020922846406 10.1676578300628 -7.24471252813615
"785" 9.5451071428397 6.24085750651395 -7.15607673190356
"786" 9.56471633476293 15.6432767997274 -7.06410787786993
"787" 9.66615583370673 4.85445734706863 -6.92180144642742
"788" 9.77180466513854 25.4978363193429 -6.87799850430944
"789" 9.87057355551992 26.0042124862505 -6.87765895649719
"790" 9.82514823046881 24.5542770051574 -6.71802622458633
"791" 9.82843546550888 18.3475875811506 -6.80242991489172
"792" 9.92379373447331 23.2173882574002 -6.66834259580793
"793" 9.98589426587268 3.54948781620366 -6.47532219323087
"794" 10.146087894458 13.5971601746718 -6.50231508919634
"795" 10.2037736383242 4.20111126036891 -6.24879918601912
"796" 10.2818515476321 17.3131862878018 -6.21168072749458
"797" 10.3213009874458 24.3296533027849 -6.2190892728644
"798" 10.3577841123602 7.99511640979999 -6.24687785437266
"799" 10.4909048997567 18.5757411811873 -5.92809796518886
"800" 10.6712387105887 23.6277548723281 -5.68948867990426
"801" 10.7136903673065 17.871504384786 -5.70304365300975
"802" 10.7019495251584 3.99929015308233 -5.62966950572004
"803" 10.7160736753102 25.5074123514716 -5.55871914428501
"804" 10.7975988252935 8.2255394913996 -5.63719917942141
"805" 10.6358817100457 1.23136350567018 -5.61848679058317
"806" 10.7636298074835 22.5975155093739 -5.37819752283166
"807" 10.8337233468223 24.3689900852792 -5.34516328510667
"808" 10.7968846729053 26.4506439626147 -5.36665269265778
"809" 10.9382649688412 1.04821427461105 -5.09937115058767
"810" 11.1040664301389 6.11522457113689 -5.06760190487734
"811" 11.0002311790326 20.2682551062782 -5.22759001143116
"812" 11.0980843006394 2.04070500782591 -4.82618292610078
"813" 11.1045456657403 26.5563809105083 -4.8484796879203
"814" 11.225019092679 19.5316120992111 -4.73904769370864
"815" 11.1538202789758 27.8007124839803 -4.71302667488567
"816" 11.2859195356214 22.9082686544838 -4.73583658236923
"817" 11.3347750940285 11.4678267480088 -4.5895048981789
"818" 11.3465674542979 19.1920924357489 -4.46757769740239
"819" 11.3876923280669 11.6655084259018 -4.38126254743979
"820" 11.3443582852739 17.0648948172529 -4.41822798640494
"821" 11.4127913541207 25.5036162340268 -4.23956752469185
"822" 11.5180121024729 4.24025521499125 -4.06332789138622
"823" 11.541490986256 15.3223389397048 -4.0021673697763
"824" 11.6043583708787 0.231277585653886 -4.02569908303604
"825" 11.4684120319244 3.96619345027328 -4.04679039458735
"826" 11.5373456499015 5.17397954473872 -4.08844209508332
"827" 11.6125563831447 3.9380662850291 -3.87009406353374
"828" 11.6163734855668 24.432755294634 -3.88823055867291
"829" 11.5846708849872 6.6127081969678 -3.86415514837508
"830" 11.5735457334215 9.76071355980611 -3.89869031282134
"831" 11.7026378754904 13.3044283358298 -3.76726543512295
"832" 11.7079372383086 28.7830382521648 -3.55207737306232
"833" 11.8200539752784 5.92647698555986 -3.29892267141828
"834" 11.8919801232756 26.6080944209202 -3.13363699563511
"835" 11.9154758229848 13.1822966845303 -3.15850519979546
"836" 11.9947193255935 6.84672559591244 -3.06743082394639
"837" 12.0958445606626 6.91747894994461 -2.71314672780153
"838" 12.0422746846312 11.0129040415135 -2.63729096163776
"839" 12.1288682996273 15.1962415275235 -2.37839616686376
"840" 12.2693649933585 1.71607015461857 -2.05135654798767
"841" 12.2235194299176 23.9293051197701 -1.91556649447261
"842" 12.32924164908 21.7528632516474 -1.59947589886452
"843" 12.3642533785789 17.4933954081056 -1.34738178544288
"844" 12.3724723878208 23.8265735081529 -1.20093987514923
"845" 12.3677772694321 13.1803788811931 -1.14050525657914
"846" 12.4012252643415 22.3105834139739 -1.14747461131333
"847" 12.4072844823107 19.277307645442 -1.04668216693734
"848" 12.5264840590728 28.2618533474334 -0.336404262569608
"849" 12.5217088343794 0.936740013559888 -0.467335030918825
"850" 12.4809838621455 20.2792091344275 0.0219576969289243
"851" 12.6073451902959 27.6656760867947 0.0947121905438884
"852" 12.5734755679356 29.7352011983474 0.296440435138957
"853" 12.467743682566 29.2421366201526 0.264957053979051
"854" 12.6207974720622 22.3772063105543 0.27465706952125
"855" 12.5714660558295 29.1953279946064 0.550746836437062
"856" 12.5746909144739 27.0127800072289 0.817247691911933
"857" 12.7291399149877 21.3266847885778 0.899485227690163
"858" 12.5642785736379 5.69336409180179 1.05055135911779
"859" 12.5940649833597 24.3148923731871 1.14042074286979
"860" 12.5815657303731 26.1578013653001 1.40346654672616
"861" 12.5819567694435 3.56482072770693 1.49517891180994
"862" 12.5731963727071 23.3044021275134 1.50888059704972
"863" 12.5702947953707 11.4229003799649 1.42913001964252
"864" 12.6098169711991 12.1438739754481 1.67370364183033
"865" 12.5307512458991 28.3476235217192 1.88771456881877
"866" 12.5946770059983 4.71099235529059 2.03162987386935
"867" 12.6081601595688 24.7200888114994 2.12327030663534
"868" 12.4831327880518 25.8189186165056 2.09358902123747
"869" 12.581908605102 8.77491996666748 2.21925100082591
"870" 12.612171464779 5.62398242647824 2.34716516310302
"871" 12.6240295306561 27.6628903816169 2.47382549074678
"872" 12.443071594548 21.9477335461853 2.66446371829917
"873" 12.5209719677809 19.0706054867409 2.76021842080565
"874" 12.5030863473274 4.27492452916968 2.79355887858251
"875" 12.4452302034838 10.4330909426635 2.98954764518275
"876" 12.4516132537309 7.73317772878917 3.0979133857684
"877" 12.4824841402048 26.2615133460686 3.06225900271652
"878" 12.4777892395416 26.0037665553025 2.97414313214934
"879" 12.4558572414087 21.6430689280254 3.36777675054967
"880" 12.3771139193032 17.5079787622494 3.42882433796397
"881" 12.4149374998239 28.6905324235121 3.5075202945017
"882" 12.3255882961406 18.2039585346149 3.64860974102817
"883" 12.3326162816733 24.2848201369227 3.85602467416268
"884" 12.3167693641475 26.0651692356103 3.90944926390209
"885" 12.1864734858567 25.5328803368845 4.15091789983578
"886" 12.2251192342135 7.76927142907661 4.12455626485022
"887" 12.2457499518339 26.9616244538355 4.23988825958828
"888" 12.1354984590393 8.31307231425975 4.53840035062358
"889" 12.0745930109432 26.4698685187777 4.59159920731426
"890" 12.0830802577153 12.3502928960831 4.67135234453723
"891" 12.0942497041744 1.22284858217181 4.67934317987755
"892" 12.0581749404244 7.78343112069912 4.78689729014527
"893" 12.1564281084008 27.2426225495599 4.81310879418182
"894" 11.9678721512675 16.2414314618018 4.78281855725215
"895" 11.8921844420371 17.9494823716576 4.98490053896279
"896" 11.9185652240712 28.0956398904155 5.20848168461382
"897" 11.8396292322729 23.0804471992745 5.45260563519756
"898" 11.6574512846829 9.09230187315194 5.75332273949741
"899" 11.6075683983684 13.6626910922351 5.97627271557651
"900" 11.5497846112955 25.4272065303154 5.99811343743571
"901" 11.5764399143239 11.1926828370491 5.99899471767009
"902" 11.505544138279 16.0885363988161 6.2838287285704
"903" 11.4242469506362 10.9421419667696 6.14654018120952
"904" 11.3701165469816 22.7461980706788 6.36026783564921
"905" 11.5057094441439 6.78237126182857 6.25321489154128
"906" 11.3787685488648 10.5188769804637 6.36162285004841
"907" 11.318582490134 9.08946648193361 6.65612173771222
"908" 11.2264799199394 4.46982857902031 6.7454982016848
"909" 11.2693484133041 14.2648191635099 6.84306215861468
"910" 11.2065386755051 2.37333219483074 6.80451057690949
"911" 11.1113160946497 9.85923399508705 6.84910384941275
"912" 11.0275247621859 21.8808793091932 7.29214438095951
"913" 10.9505124226403 24.5325216518013 7.18684037807251
"914" 10.9236851382567 7.7573317585329 7.38539109406473
"915" 10.8533482196794 17.0743003574632 7.45740472087425
"916" 10.7492176144851 20.0918771154753 7.628130242165
"917" 10.775384749667 11.3696890360037 7.64121591363084
"918" 10.6833012250265 16.3963525173117 7.62283894637642
"919" 10.7633307841497 9.08691285354195 7.66825238083909
"920" 10.6364700646335 10.260348850886 7.77652262559178
"921" 10.4601351076337 24.9496752295585 8.18848292814237
"922" 10.3011655765648 21.1247268920141 8.2004332398033
"923" 10.3576862955354 21.1064614583489 8.35006350339502
"924" 10.2403000980186 29.2262057591755 8.48703771410162
"925" 9.80969125016879 23.1755249080455 8.94417719519153
"926" 9.7642496913101 2.20841214160216 9.05554448886699
"927" 9.5701583390915 29.7195033001725 9.16746175912554
"928" 9.59757798459715 0.306894401536203 9.32278152861438
"929" 9.24839155913516 14.3282489603327 9.56872231286873
"930" 9.38787913710631 21.2285961210184 9.62999039798394
"931" 9.04171752732057 15.5762161576223 9.96599140456725
"932" 8.96128546667423 2.03423759460104 10.133333323993
"933" 8.93044922235199 1.27593960157818 9.92939571816353
"934" 8.72260161589559 26.5681869948849 10.1677142016309
"935" 8.73427070659513 23.2997513948324 10.1570285293638
"936" 8.60771565613004 8.7472801929983 10.1695030372582
"937" 8.64780616457369 11.5687482641268 10.2907759721913
"938" 8.72210284708668 28.1758841185354 10.2353000231822
"939" 8.6599869291882 9.02662274107096 10.1907907133584
"940" 8.72785331457852 14.4040585291612 10.3379419180646
"941" 8.59833118692895 9.64138230707221 10.3672133890453
"942" 8.55799124834259 27.45402024975 10.5177419050409
"943" 8.13394654669027 1.95238368465296 10.7965374752823
"944" 8.02804474033658 5.05856331376873 10.8993621402346
"945" 7.87724367226905 18.9132974929635 10.974211414655
"946" 7.26199554368921 28.6871092612618 11.3696596046669
"947" 7.27983563600241 19.1216580377528 11.468758702548
"948" 7.0026090920823 2.10217330137367 11.5530862280135
"949" 6.89570916755259 26.18656464334 11.6489869178829
"950" 7.00822181879247 12.3036095822303 11.682806505885
"951" 6.56500263714453 24.7056701435032 11.9165621698323
"952" 6.34032744496054 8.76981407928615 12.088221147377
"953" 6.34449716218429 25.7322276444619 12.1513284443957
"954" 6.324832991992 26.8791114137626 12.1147097295979
"955" 6.14885955903245 10.058059623851 12.2447430101344
"956" 6.11263199503589 15.1661187909603 12.2295231485344
"957" 5.92831903995601 13.6939049952778 12.3302528440676
"958" 5.80353406798428 25.6467499961105 12.3686093009545
"959" 5.73492636111727 22.6798069898437 12.4117148343293
"960" 5.65364347684712 18.4739823467099 12.4713954027816
"961" 5.71105663871295 26.5496282114123 12.4632615212857
"962" 5.62023890284456 20.0964650347065 12.4363272923982
"963" 5.45825433526811 18.9725886001071 12.6685996430403
"964" 5.34531037811771 0.867357649896653 12.5417091679756
"965" 5.35158762046759 17.6555102599184 12.5876418195107
"966" 5.29604361328149 1.94689170269899 12.6978744140241
"967" 5.12578535081876 7.24519356317895 12.6742179982385
"968" 4.94304506553533 19.56193704732 12.8150852937626
"969" 4.99868573606593 22.5207585404336 12.8771908813763
"970" 4.94225913136058 0.532153512268811 12.85837726231
"971" 4.50974061429279 16.2985439282607 12.9677476601227
"972" 4.49972945347198 14.0841916805135 12.9585711134142
"973" 4.46250469277172 3.56660763571213 13.0341826159951
"974" 4.38454535699559 23.3318755785836 13.1220839276339
"975" 3.98406566098505 26.8891971218151 13.1616422300413
"976" 3.91399756297409 7.14939294177917 13.2310540572359
"977" 3.6575606450315 20.7314310493874 13.4146496711265
"978" 3.69963813206327 5.41006434488504 13.3811923032751
"979" 3.14703570758295 23.0444048443621 13.5323792933458
"980" 3.13434471185747 13.155034110304 13.5919186857702
"981" 2.80357746673916 25.8311508694642 13.646598124714
"982" 2.83004221648514 7.93367098323261 13.7097651327053
"983" 2.7162550333803 10.9735590174016 13.5615326026977
"984" 2.61915392989239 14.1697591573915 13.7039199554194
"985" 2.43085533575071 29.0986221989865 13.7179569185289
"986" 2.33763753208422 22.86629611189 13.671505236977
"987" 2.27008097586326 20.2924665580689 13.8783812103255
"988" 2.09918347426219 12.8645233722829 13.7640844159527
"989" 2.08905146075062 7.52628803193371 13.8731769920018
"990" 2.07790374927351 8.78228040919999 13.832718538252
"991" 1.81472266229846 25.7858047395832 13.9141098196588
"992" 1.79345301594926 12.1681827399839 13.8860228599195
"993" 1.35097586024302 6.302591122528 13.964830093834
"994" 1.09331477229498 17.244099133975 14.0226920010685
"995" 1.03432313602488 13.6704822905228 14.0616095344315
"996" 0.989415260698712 3.00979663495795 13.9737498178051
"997" 1.00961901239036 29.0422837699766 14.0996667167699
"998" 0.589537746309614 20.101391200106 14.0710846150523
"999" 0.443405669871398 3.85827139023085 14.1347677094338
"1000" 0.277037264504142 21.841756407056 14.2030365207368
