"x" "y" "z"
"1" 0.485881101657959 -0.963419836152476 -0.964215963441009
"2" -0.415427602683587 0.993958771882533 -1.08047468635641
"3" -0.517717305859972 0.968710533334905 -1.03352862776576
"4" 0.41294430051495 -0.83742138649544 -1.04201330928462
"5" -0.47931276810637 0.884614155632706 -1.00569485195354
"6" -0.545941807519797 0.913101774119562 -0.981273470973266
"7" 0.459275994736665 -0.892291604315934 -1.06046678948474
"8" -0.544451424462673 0.852067261528122 -1.00049714698887
"9" 0.411794251607149 -0.92302708068057 -1.01688570269748
"10" -0.458564483008977 0.839663072598189 -1.033053218645
"11" -0.452356274535053 0.86233873177957 -0.958763821646603
"12" 0.488666261980566 -0.84908342187203 -0.984118923875729
"13" -0.421829327914354 0.826737756507355 -0.900485199117148
"14" -0.4535314602778 0.74901001250455 -1.01020068208969
"15" -0.428100426139989 0.731117250040945 -1.01534361476632
"16" 0.511665371528739 -0.683185395851241 -0.937548478334162
"17" 0.391346918154728 -0.806735987926691 -1.07346921188518
"18" 0.334378900414514 -0.845570524358446 -0.990643365919741
"19" -0.422037343790127 0.76195021769093 -0.969520556632057
"20" 0.48492025700143 -0.763685950909936 -0.96093757816199
"21" -0.482265748752138 0.797763128894506 -1.03426177539591
"22" 0.595969838002551 -0.659555237596391 -0.945807026311567
"23" -0.443795216179588 0.927841026886883 -0.920082953422816
"24" 0.568729650459708 -0.951072611215875 -0.924105957942879
"25" -0.505331360861389 0.824435129520516 -0.865570132791132
"26" 0.49001152311079 -0.89650158544383 -0.973832954686451
"27" -0.431786764090611 0.609704700422376 -1.03864221054182
"28" -0.499107030547975 0.720789058078679 -0.903220850263601
"29" -0.546673301964686 0.587858219394411 -0.957475181971725
"30" 0.524699806817082 -0.66237360426627 -0.978864151865081
"31" -0.512001972666732 0.857112568774468 -0.960908621629824
"32" 0.494136450117163 -0.65533647603303 -0.94136495211914
"33" -0.431785168415325 0.620573413140473 -0.885307499286076
"34" -0.542568013268511 0.751233801232285 -0.954170486388256
"35" -0.401588428149929 0.737285793898791 -0.945854892349945
"36" 0.580327526136769 -0.684934897092131 -1.02133787906079
"37" 0.507955497861672 -0.596112741390772 -0.941335325479765
"38" 0.325176265063315 -0.926215415035735 -0.973273099242346
"39" -0.506661725966444 0.686777824098448 -0.907286998771648
"40" -0.651165903322118 0.934628943661024 -0.980755325204033
"41" 0.565465301224011 -0.744030742750799 -0.863173444177214
"42" 0.401349527295731 -0.782678987330681 -0.929071804156435
"43" -0.594724921729993 0.971218943838251 -0.999248089687268
"44" -0.504170184988099 0.619396936251226 -0.847707772418322
"45" 0.428042236616373 -0.605214809675746 -0.970195544628568
"46" -0.569920631894794 0.698281719677635 -0.920534670732481
"47" 0.594367498179123 -0.882562579543075 -0.856183167116966
"48" 0.423563295467204 -0.744075152614476 -0.920634533092399
"49" -0.363884986477455 0.955951644463751 -0.972000279152482
"50" 0.319309055554159 -0.899913473903204 -0.925683378525777
"51" 0.606563113196791 -0.49150573349699 -0.874204324077273
"52" 0.663337018841936 -0.960863616941214 -0.967711166911954
"53" -0.684062511455197 0.858402539095804 -0.842229037689793
"54" -0.400177350697787 0.66629810094004 -0.897744507676971
"55" 0.601625019330329 -0.547118965567447 -0.94790688454977
"56" 0.534656412581409 -0.820776705382488 -0.930027273915984
"57" 0.396064632633535 -0.868283213135839 -0.954856777608515
"58" 0.407064215823849 -0.585777050918597 -0.844800982978306
"59" -0.596999776101829 0.548619540358345 -0.912482400757819
"60" 0.37976363223312 -0.803075671361304 -0.838694347062071
"61" -0.387354076870741 0.789077254433304 -0.813408256859734
"62" -0.683374191831633 0.781552550617735 -0.908953828995153
"63" 0.461006475304448 -0.939293268083303 -0.883556810062082
"64" -0.269891176309584 0.891873385723806 -0.863427624626049
"65" -0.323087809605845 0.450782596897851 -0.767980992250872
"66" -0.414303761427018 0.574016935977784 -0.838829916829637
"67" 0.389587111741692 -0.4693498891803 -0.871722170334308
"68" -0.374141544144369 0.897160662908876 -0.964066534978708
"69" 0.386447791129206 -0.861966767327448 -0.915898114575737
"70" -0.583086448503647 0.825578202745445 -0.858884079202865
"71" 0.679792580956954 -0.628955348465869 -0.887716725131627
"72" -0.291941272821134 0.719466088377434 -0.901297245243468
"73" 0.675953096423916 -0.813466572472956 -0.872372660201038
"74" -0.454303324144206 0.878487621928594 -0.885052524937633
"75" 0.610065730676413 -0.650809375688021 -0.898734699351949
"76" 0.29366652215249 -0.706693482926298 -0.917149901222609
"77" -0.318870292441674 0.64738310697312 -0.908487888879912
"78" 0.334754150302893 -0.972298400378051 -0.886333658454601
"79" 0.659477569962517 -0.729081057315788 -0.922398877812046
"80" 0.531679109739122 -0.444524722903521 -0.837556265669794
"81" 0.317193359555734 -0.626853058426885 -0.831320228287556
"82" 0.461043046385675 -0.460265614197113 -0.927170327814842
"83" 0.415580192846358 -0.420236832557828 -0.873993430842769
"84" -0.318697856847034 0.991051158022616 -0.941499039434296
"85" 0.30490948120282 -0.881741456111577 -0.842446264905832
"86" 0.498130856026834 -0.398006298574347 -0.867840484565114
"87" 0.343983964399612 -0.737391208119179 -0.862429355590643
"88" -0.285854711002764 0.679175152741947 -0.876207673264765
"89" 0.353565663289836 -0.794076938223368 -0.826461065042744
"90" -0.514514526714447 0.474488520107065 -0.750081745328364
"91" 0.303200469494699 -0.949657918367904 -0.89498107479306
"92" -0.754150626798575 0.769406304367343 -0.771501376138419
"93" -0.763367968019146 0.88334475412657 -0.767725919081051
"94" 0.67294750875027 -0.795078471027128 -0.878509381644339
"95" 0.42026102879897 -0.476254534950927 -0.814149814946609
"96" 0.626696331244853 -0.517095065097199 -0.860614029771346
"97" -0.584216066806364 0.347838278181098 -0.861150056285097
"98" 0.32905225677276 -0.680490210903101 -0.783617055996532
"99" 0.442345535691435 -0.460569045877473 -0.787694688824176
"100" 0.332931915341183 -0.680785262024766 -0.929550718537024
"101" 0.506854550357604 -0.460918325889697 -0.850717734574573
"102" -0.419847191955488 0.419124537700048 -0.853990563114901
"103" -0.315237607130287 0.870284870105898 -0.878693669268243
"104" 0.31415518184537 -0.881956392609431 -0.809605248503945
"105" -0.316074778725404 0.837693439236843 -0.807053849859798
"106" -0.41129517523794 0.454578637851202 -0.860378052172782
"107" 0.462257228821606 -0.371605724954733 -0.772105467139002
"108" 0.282874683916824 -0.959844766022593 -0.869965673745939
"109" -0.523910239862669 0.51276059806621 -0.845100732179413
"110" -0.653980697430884 0.526784666813757 -0.760352164504409
"111" 0.623643920737712 -0.555488366624477 -0.830187437411853
"112" 0.293794537518027 -0.611254021844402 -0.803640472546768
"113" 0.647512529010108 -0.48512818092125 -0.771521191224111
"114" 0.300183012604285 -0.545076389530274 -0.802810631670789
"115" -0.48944082256024 0.364895923135997 -0.872753382209607
"116" 0.467710462457112 -0.54225913017166 -0.793670665165726
"117" -0.571552135186085 0.30468693612534 -0.781768569869033
"118" 0.327300055213144 -0.520611023551488 -0.828331224552392
"119" -0.620784344362359 0.458042908161631 -0.882033873524807
"120" -0.677978607967817 0.942366981558381 -0.83297884789984
"121" -0.713532765893527 0.327145450530306 -0.816006671075389
"122" 0.264167705814193 -0.840547365030438 -0.882048313247003
"123" -0.263416455559838 0.696410676410512 -0.830035089977586
"124" 0.664442857054221 -0.684335775880678 -0.772875567195619
"125" -0.697485107149708 0.884146367881747 -0.737670763486606
"126" -0.394214485514916 0.458138879840328 -0.787381989984029
"127" -0.761078528628872 0.670872809253151 -0.698394420989955
"128" 0.759624236544798 -0.445381416819234 -0.750404240934941
"129" -0.411450160523736 0.418319443053091 -0.757871621769516
"130" 0.239967020269104 -0.77472238129156 -0.749510091878214
"131" -0.250924059182127 0.580497393579605 -0.765594043687068
"132" 0.262786774204768 -0.935096590629958 -0.799460796848588
"133" -0.73500638935725 0.70955213904331 -0.71947917768289
"134" 0.755983248226537 -0.55271111470616 -0.713513782547639
"135" 0.22696172487938 -0.879906337452211 -0.731124194924727
"136" 0.569931256150942 -0.305619387563351 -0.699730477144381
"137" 0.231875119717678 -0.691303074331944 -0.749370236632994
"138" 0.723218178080135 -0.486261783169698 -0.673089614451696
"139" -0.502767421282729 0.307063778565986 -0.741170480507482
"140" -0.228626550746098 0.594864899677331 -0.769117078343535
"141" 0.220254313077523 -0.901344261196975 -0.849642465201548
"142" 0.697763469045636 -0.914140146973485 -0.702318413850573
"143" 0.487892839560566 -0.306021181618256 -0.725781195916925
"144" -0.286257385214581 0.837094065151169 -0.870384679281152
"145" -0.752993074858746 0.537959595619921 -0.764299944682996
"146" -0.348158474937425 0.457506535776433 -0.739079584810358
"147" -0.30957547712973 0.626730500359146 -0.685657037638721
"148" -0.692275265715389 0.429741304599262 -0.765259442584162
"149" 0.300812364516454 -0.905219111767065 -0.734936020315822
"150" 0.243941456345019 -0.843806390332912 -0.789861644508289
"151" -0.405483058361435 0.410876770549797 -0.738247563456247
"152" -0.686484505638754 0.389163485012518 -0.686757702404756
"153" -0.251004278945525 0.593243892277218 -0.67375699849168
"154" 0.710480932601543 -0.471149866412453 -0.784381613336379
"155" 0.255299189833008 -0.492349273011381 -0.599946396679494
"156" -0.230956975784256 0.990436882312958 -0.777593210055329
"157" 0.744246565764441 -0.602091110498826 -0.657659449452213
"158" -0.399696843420911 0.34086174943164 -0.697265527550062
"159" 0.703347563504136 -0.756072221309313 -0.687834726373893
"160" 0.603647423892961 -0.356047571502521 -0.676808019515218
"161" -0.697529933427092 0.402523320284508 -0.720618437453325
"162" 0.238582884559647 -0.754718838867876 -0.752845330470306
"163" 0.771435757145456 -0.781210321108721 -0.76576002174507
"164" -0.248778685305952 0.524577872713824 -0.668443896898022
"165" 0.671591765234013 -0.272272483256499 -0.622035099939082
"166" -0.706576978344681 0.39909701731898 -0.611360133613347
"167" -0.577716208258852 0.353841923807039 -0.64229333479294
"168" 0.356255616390305 -0.475291415570036 -0.660222694193015
"169" 0.300538554837444 -0.585884558502188 -0.735879689944631
"170" -0.732604940592423 0.387007893774981 -0.61907654729508
"171" -0.254520731022846 0.963198278808139 -0.600222065320492
"172" -0.587481748705357 0.264054190536306 -0.658210340250163
"173" -0.489561623843758 0.296466741425826 -0.679812687074032
"174" 0.216385819930527 -0.890581761634405 -0.680484660719552
"175" 0.744434142773799 -0.667927274075788 -0.637963970142641
"176" 0.280469287145367 -0.958449976710487 -0.602216369802585
"177" 0.731191001972108 -0.982747092705662 -0.64628813744343
"178" 0.224659907984478 -0.927360530278258 -0.70690392713766
"179" 0.242936371856778 -1.09447934231917 -0.665610806769417
"180" -0.832862161465749 0.714052749866827 -0.60511582873811
"181" -0.527347115891066 0.257716297698662 -0.677086249754127
"182" -0.178677429819964 0.537483817168201 -0.572054056784298
"183" -0.188905642141245 0.532412859718302 -0.547158725798577
"184" -0.734871200519479 0.529074449642473 -0.669917992137649
"185" 0.76944203115273 -0.611975703649861 -0.597248481206429
"186" -0.76750293957465 0.540232593097696 -0.707346809090303
"187" -0.752851023368238 0.77289793664218 -0.656936747363764
"188" 0.542993629978809 -0.192247101631147 -0.622151844139513
"189" 0.738253488682186 -0.702050366743539 -0.646127780001507
"190" 0.242601152938191 -0.674767958115017 -0.690965506717289
"191" -0.281392179604046 0.553842538585912 -0.65309889914264
"192" 0.242376409433559 -0.442729585411111 -0.625445437462381
"193" 0.760917449658618 -0.559708669265664 -0.596634061728364
"194" 0.310241015216763 -0.608703781260162 -0.600592371600485
"195" -0.246889312079097 0.41209444195662 -0.614237871955806
"196" 0.188761909316584 -0.828745775974854 -0.569118833113101
"197" 0.372650868343047 -0.328909322665582 -0.668574753280985
"198" 0.357602068658978 -0.239584425679797 -0.625660600893887
"199" 0.28230562445181 -0.375213784545879 -0.674279822256703
"200" -0.764062003142992 0.55148927636984 -0.661311222480381
"201" 0.74233373555925 -0.49600017163817 -0.586086674893624
"202" -0.331275826113976 0.335813176345724 -0.60657652163046
"203" -0.0590580597988443 0.803192604636859 -0.600529065932057
"204" -0.333106077955677 0.277089612622819 -0.565534713114055
"205" 0.572152903507038 -0.265348505888674 -0.633601418679776
"206" 0.215883964468403 -0.584867852034465 -0.658693866617643
"207" 0.769868506559263 -0.478021126247076 -0.512911110261301
"208" -0.671403098318064 0.401836214529906 -0.626293855628491
"209" 0.47600240981128 -0.240855038668892 -0.593439654054123
"210" -0.241830541868246 0.491122632227194 -0.663214083026207
"211" -0.684584130324409 0.355213994859907 -0.676796667121182
"212" -0.431101660866333 0.269834792446697 -0.65107748959017
"213" -0.627589859161696 0.300440429173265 -0.619962934784048
"214" 0.503566506568982 -0.172250924211093 -0.532448308477792
"215" -0.834807378556898 0.34853396885227 -0.590078549653175
"216" -0.757623961519432 0.248251985678682 -0.630969271877095
"217" 0.767529690058093 -0.969138727110794 -0.598503693277612
"218" -0.223209831339236 0.520791873144255 -0.516007109652856
"219" 0.370922218890314 -0.266580910472992 -0.708299813891524
"220" -0.317606813725005 0.266724705385241 -0.657203719439144
"221" 0.730182081652255 -0.453039209303038 -0.535420969317895
"222" 0.327958254785827 -0.494555903690259 -0.560390306515218
"223" -0.732027130284232 0.350809801773718 -0.583379163754191
"224" -0.819618676606463 0.756058082077933 -0.452889818384895
"225" 0.722689097494888 -0.295608620790947 -0.511818070096412
"226" -0.215835081741469 0.347067837356007 -0.482965967208985
"227" 0.269405216188098 -0.286090678008467 -0.556142378745056
"228" 0.172454633543012 -0.494986369581671 -0.390916794226594
"229" 0.14908166606989 -0.853695464091516 -0.625328384048272
"230" -0.375166665236574 0.13984481753311 -0.547377670989356
"231" -0.301879862620475 0.34585801811272 -0.600502319776583
"232" 0.198399297137045 -0.274290502592111 -0.479626305885294
"233" 0.183865385806828 -0.91208026669229 -0.558837643140416
"234" -0.283890473134639 0.3999352770025 -0.562361008567381
"235" 0.733639831588981 -0.318868154191991 -0.459414224860966
"236" -0.784287832260131 0.62327255463611 -0.464808084612855
"237" 0.689597038346188 -0.254731573037112 -0.531161216561342
"238" -0.741486248793874 0.261709533532232 -0.5746754692254
"239" 0.165729762345672 -0.91034950970167 -0.520231454545096
"240" -0.865594839698435 0.915677046920223 -0.522061883302934
"241" -0.904129224326703 0.642125741180612 -0.504648509740717
"242" -0.299495198234418 0.204238816291706 -0.401315478194097
"243" -0.774719830672065 0.803870304997174 -0.574361249437106
"244" -0.800645610149787 0.624244114859346 -0.462506943355917
"245" 0.236897694911688 -0.409785025358283 -0.502995877485935
"246" -0.563154419188708 0.199025305506483 -0.667318582471289
"247" -0.748483304816207 0.244992388263181 -0.509002046685818
"248" 0.770748894191413 -0.432578648371969 -0.44086405675583
"249" -0.603371657112887 0.174293009520995 -0.53123101265025
"250" -0.166189199481611 0.769988613983037 -0.483608289484147
"251" 0.153734257050497 -0.6286933556053 -0.510982506091904
"252" 0.336775479184885 -0.330587742025673 -0.386256254465081
"253" 0.193231327011175 -0.346088871257919 -0.527695118229265
"254" 0.613267444507564 -0.317002781821012 -0.522567212742633
"255" 0.805165467189631 -0.481643043383278 -0.571008904502159
"256" 0.148019277716269 -0.482309037787992 -0.477158576749974
"257" -0.100015720483941 0.685652230553133 -0.464510631321371
"258" -0.356357202993747 0.280885867970491 -0.599389979561019
"259" -0.859040910173209 0.415834030670269 -0.495304562011788
"260" 0.468676998321599 -0.174724306688373 -0.439694529251054
"261" -0.650705252415123 0.204088742652012 -0.526160457451876
"262" -0.756692859282557 1.0236944239503 -0.476739553563367
"263" -0.283133303101507 0.379662149247173 -0.484676087608035
"264" 0.28840725479763 -0.176206260964241 -0.57512166913704
"265" 0.869162531637522 -0.921762235662577 -0.509124217948723
"266" -0.642547849034884 0.154697041113697 -0.450363709953236
"267" 0.844959284308529 -0.708163748110636 -0.463044519864534
"268" 0.0973879196633543 -0.786130346123499 -0.450793640175219
"269" 0.394893762410581 -0.24512820386634 -0.524104797542562
"270" -0.189807805491046 0.638572811264171 -0.403226597582854
"271" -0.752511673764272 0.287374976395392 -0.556115256024075
"272" -0.192541489276036 0.975819644807667 -0.52228235911307
"273" -0.873383349863242 0.327518179957796 -0.508293646476548
"274" -0.0934425460098503 0.514191165247852 -0.459486826113807
"275" -0.116361174636851 0.892387737888481 -0.44838795633898
"276" -0.179711687306466 0.549105782268922 -0.424435355171422
"277" -0.8522656824679 0.614215991703948 -0.513634042517897
"278" 0.566473803122109 -0.230728093418057 -0.51289558321638
"279" 0.765375655961596 -0.287344899526006 -0.438401091059403
"280" 0.16756643892982 -0.672004223300364 -0.388339606236894
"281" -0.0574330904450093 0.679500148854779 -0.495938432148735
"282" 0.809089819749667 -0.584485282340788 -0.445763386251404
"283" -0.666027096553702 0.154297544521167 -0.545433374114534
"284" -0.823525207964111 0.545617475169552 -0.476222006296099
"285" 0.850018279962444 -0.881895582104078 -0.45787472116622
"286" -0.624911234923406 0.144953718480334 -0.467274871596143
"287" 0.12663216602439 -0.773002711844916 -0.425192119922017
"288" 0.686807898054216 -0.240166049713164 -0.456235289859338
"289" -0.822794780621551 0.995185081330427 -0.443114984614635
"290" -0.12819823933792 0.879391153936376 -0.442843642255263
"291" -0.650051078906745 0.166658313108079 -0.425325105315022
"292" -0.868944910648559 0.907561391867655 -0.468432421489444
"293" 0.222075464567106 -0.240926092581799 -0.445386292366307
"294" 0.808990081219176 -0.263227182723765 -0.579261007894578
"295" -0.639427267018477 0.123500894535026 -0.429542454426045
"296" -0.767917382728248 0.947382170277071 -0.47403360365185
"297" 0.292489064678757 -0.280137584681917 -0.42362785140843
"298" -0.548838729180465 0.135698119041394 -0.424789151734616
"299" 0.535943380089256 -0.109791109116616 -0.504501965178953
"300" 0.818989030632092 -0.637112035002606 -0.358746859766309
"301" 0.961424198370451 -0.541939913407636 -0.413044646845072
"302" 0.133980349218139 -0.646083825267168 -0.365391332996088
"303" 0.247493208118749 -0.426222712976684 -0.47942147579969
"304" -0.83667376934195 0.780672802095015 -0.429958964077736
"305" 0.831424501406413 -0.877730020088198 -0.440698229395927
"306" -0.0605966875224338 0.560869155978281 -0.435285801599136
"307" -0.831267896437412 0.45736812236963 -0.416264386381241
"308" 0.210534354599533 -0.282391993313973 -0.356281047449356
"309" 0.882890778563869 -0.660999723063517 -0.33821766606629
"310" 0.107288054514173 -0.890103662174587 -0.362086720726809
"311" -0.225699176600858 0.589490208056536 -0.351211308112791
"312" -0.342034071716932 0.146778304788574 -0.405289422580317
"313" 0.677380269466528 -0.157070382372944 -0.406559784833931
"314" -0.0682849972099709 0.875133964423733 -0.407077012948363
"315" -0.187531502212554 0.207978437023518 -0.309327782659346
"316" 0.183047381502472 -0.596196793399047 -0.415525219547587
"317" 0.817371181905205 -0.24935568848603 -0.395208563133398
"318" 0.776001951137316 -0.671900896146235 -0.3837153867184
"319" 0.13724559536292 -0.397909460338499 -0.361988883273854
"320" 0.908015453171912 -0.47965071226599 -0.409123876171287
"321" 0.124046717425902 -1.06686387873699 -0.33672942725683
"322" 0.0504299530343344 -0.885365267052953 -0.39233302848429
"323" -0.126416359492339 0.571365557983408 -0.363739711558114
"324" 0.415178462280725 -0.129649600544765 -0.37604809874756
"325" -0.135085944135445 0.984433225915183 -0.358445059603628
"326" -0.131520320194151 0.852679247165868 -0.366074988105229
"327" 0.846273946944325 -0.37047940453142 -0.44404407469771
"328" -0.875605628635463 0.875258435578934 -0.328624617694531
"329" -0.550842965663982 0.154298845731894 -0.358897019012707
"330" 0.376671459114848 -0.114193622287506 -0.308139899005102
"331" -0.61605875448048 0.114508315149502 -0.407014410397255
"332" 0.646172354450656 -0.084467934719213 -0.260270312401482
"333" -0.844603230112996 0.642025680332889 -0.397405859487946
"334" 0.715130710008326 -0.130334491387185 -0.356230009154695
"335" -0.0231299635255373 0.955752569041887 -0.408850256878001
"336" 0.895625954886732 -0.69388207091856 -0.310130822948222
"337" 0.861022428457472 -0.336936490604968 -0.290664843488101
"338" -0.689923758929643 0.202768820633351 -0.286173285011323
"339" -0.146784124615654 0.269290848839558 -0.341538914378635
"340" -0.923573180426533 0.939002353985307 -0.234861513653405
"341" -0.703913208517061 0.133405244535004 -0.359359262137835
"342" -0.875028699328943 0.40141069487902 -0.26968906925664
"343" 0.223086865580849 -0.144482889508005 -0.308921241878253
"344" -0.857177309483273 0.884894630531679 -0.347453390407545
"345" -0.779058029449836 0.173172391352893 -0.370439183229108
"346" -0.676456805901228 0.130159525597014 -0.287480538068222
"347" -0.897967077673181 0.523051145905914 -0.255697916764287
"348" -0.0804856046756396 0.806491859278431 -0.334557242623045
"349" 0.823162780532677 -0.377506187809011 -0.245734714021577
"350" 0.279358740233091 -0.125990806141331 -0.289690006609845
"351" 0.598738070181761 -0.053448778157986 -0.267805904287162
"352" 0.18689631300521 -0.36492695288069 -0.320005086905705
"353" -0.0310097444875756 0.740086172449139 -0.320802977782435
"354" 0.926456018197389 -0.356059064831125 -0.296310724379881
"355" 0.666554757847862 -0.0691480887732893 -0.317647979211706
"356" -0.0747474370752937 0.68625152639028 -0.254776787419804
"357" -0.711390687397541 0.225607579092479 -0.293569606559752
"358" 0.938918037175686 -0.636096628469327 -0.289152830211942
"359" -0.942357687678876 0.352223100981756 -0.267454208782858
"360" 0.869449512635759 -0.49219417337764 -0.250679498063646
"361" -0.836213144988776 0.965024187868689 -0.291569788528612
"362" 0.821362828990388 -0.781458750344406 -0.256619879999616
"363" 0.849793251060709 -0.128681132563808 -0.224346364519542
"364" 0.124500846514816 -0.36895590753421 -0.328242028035076
"365" 0.931873772256066 -0.938267384631876 -0.340032708422474
"366" 0.921431606911679 -0.714166928260073 -0.279954419928554
"367" 0.107627247776217 -0.490283505215374 -0.329099794790217
"368" 0.840317560967179 -0.202854495292431 -0.235731998392622
"369" 0.852314783526717 -0.757888452196766 -0.27327459064865
"370" -0.74145011872646 0.149400310008244 -0.310887356146841
"371" 0.874250499488812 -0.690862014886676 -0.30585735818788
"372" 0.39952174427799 -0.101290850831695 -0.324614869973388
"373" -0.0923089725351327 0.478861263880674 -0.340466053291495
"374" 0.0758381083431683 -0.284614750979172 -0.291278732846227
"375" -0.088547821410578 0.554630634433539 -0.224811876002799
"376" 0.790078699587495 -0.178429960605937 -0.19284374598939
"377" -0.954811537854952 0.723877260358551 -0.271111331414417
"378" -0.889523446082733 0.272376481824891 -0.347512726290103
"379" 0.911579692281742 -0.968824002596239 -0.22156919152782
"380" 0.0819335375080019 -0.505333245356818 -0.246424484594367
"381" 0.954230248331717 -0.697576939268618 -0.308067535406598
"382" 0.869790069324672 -0.157028872107103 -0.291833817042617
"383" 0.0980226050129449 -0.476148920680257 -0.235033437643777
"384" -0.840385699084004 0.513348178197874 -0.280535057211256
"385" 0.716745887671317 -0.14060805866367 -0.29003497517216
"386" 0.751662166701851 -0.187441610186954 -0.127148665688772
"387" 0.662898991201109 -0.0881799439152876 -0.303479669266192
"388" -0.252281854483508 0.117208727928796 -0.361708525902836
"389" -0.0326206258389731 0.325724119172913 -0.188690557209972
"390" -0.237904250894093 0.103994842355908 -0.159712501053358
"391" -0.98672361672476 0.236435606069824 -0.276078362797598
"392" -0.0730283008015704 0.460372428808133 -0.203956610730474
"393" 0.94345247144388 -0.330409356458806 -0.26173105015264
"394" -0.900361587372472 0.494706595187895 -0.220839672295901
"395" -0.733924700348294 0.0422529151332549 -0.196599725317868
"396" -0.724148432915755 0.128502924730255 -0.153954749063545
"397" -0.134976515459684 0.161799016847786 -0.222474307749691
"398" -0.783577527885426 0.134325586828122 -0.157653192327487
"399" 0.215762543431637 -0.0464112830435954 -0.296370686888383
"400" 0.162530979739547 -0.0639004254240457 -0.297738663674217
"401" -0.153697111088792 0.21808918155908 -0.18625393372346
"402" -0.873209144535288 0.213078126246168 -0.276174260387182
"403" 0.657340817822685 -0.05122542487187 -0.174170877225188
"404" 0.106113558471797 -0.499477208155294 -0.253557509613383
"405" 0.0926425359603559 -0.226916141552299 -0.252410803602278
"406" -0.915338833181963 0.449128280606594 -0.327446855108543
"407" 0.67143966429851 -0.0220584235874366 -0.295300536980694
"408" 0.252905886000573 -0.0610495559409122 -0.266324411240047
"409" -0.158398286710581 0.189029221862747 -0.223116948668415
"410" 0.938229864178893 -0.893597061038743 -0.188288511845285
"411" -0.962502531880747 0.931469118503913 -0.291431491733098
"412" -0.102709100175024 0.577425284221526 -0.262473821244626
"413" -0.000534733860070136 0.74653459891256 -0.156136947296239
"414" 0.866671628945411 -0.158079152822134 -0.153156376361755
"415" -0.153378054941599 0.250247221777672 -0.0942741373558406
"416" -0.814826840501637 0.219795081153334 -0.164296027356735
"417" -0.125695290680689 0.793503946273334 -0.167018914923144
"418" -0.105887347120501 0.411827104640948 -0.223339024732457
"419" 0.140820979584841 -0.21654938188067 -0.169449488729726
"420" -0.367201258339276 0.105583984468416 -0.13866629639716
"421" -0.980178722906829 0.602842221856932 -0.181759344126421
"422" 0.837732079264721 -0.128589118685496 -0.195299523582753
"423" 0.0417132595709148 -0.348999533409606 -0.207902355184678
"424" -0.152805620893364 0.121249682505445 -0.147060326924429
"425" -0.684207302784036 -0.0290741393761549 -0.121549344491754
"426" 0.0654517161326648 -0.728260886434088 -0.162246491656386
"427" 0.0361803720338596 -0.35053578053495 -0.20176950887194
"428" -0.14948388309112 0.167630421324287 -0.0557098179310225
"429" 0.880082554346771 -0.114440718280681 -0.185605856029948
"430" 0.59389320181336 -0.0743565121069803 -0.135951763138492
"431" -0.0990020675753903 0.536539791303176 -0.264109752446826
"432" 0.0705923360487143 -1.00750757140984 -0.148509310749158
"433" 0.141105740196483 -0.127987899903356 -0.264090134080289
"434" 0.976976816612919 -0.196767650674763 -0.235543942619255
"435" 0.567515408809091 -0.0707149970764997 -0.164957806011584
"436" 0.316382181489505 -0.0536672295513994 -0.157250233283588
"437" -0.0423155245975794 0.568948071841662 -0.122801688015625
"438" 0.101940885235219 -0.107869122239908 -0.144966825362226
"439" 0.199829296755187 -0.129244010287299 -0.130616985646809
"440" 0.919101870966425 -1.06219738469966 -0.207647035367159
"441" -0.10767735353553 0.334125370798161 -0.121673788998974
"442" -0.214773951019374 -0.0407229550753569 -0.0902104168085408
"443" 0.803506315359063 -0.053447431561561 -0.179015295376589
"444" -0.299651650804697 0.0722069055591896 -0.0414386097662949
"445" -0.0542803118630916 0.221453088445286 -0.151222415609154
"446" 0.703758757645264 -0.0888451525695254 -0.210942343323864
"447" -0.591729427175717 -0.0441688694093436 -0.102173711114387
"448" 0.836863122207034 -0.0792543123588567 -0.243572011218941
"449" 0.0629121649133643 -0.276565334830685 -0.0569814345320235
"450" 0.902121111092755 -0.138583113010027 -0.149346744544027
"451" 0.938930341465709 -0.264667914584044 -0.13615178018985
"452" 0.896945241469323 -0.0047551096179112 -0.156171267343286
"453" -0.87840363757842 0.140218237468403 -0.120077598412789
"454" -0.0496473662996366 -0.288189920713487 -0.0954102102208882
"455" 0.922322949864012 -0.936499209045682 -0.160548855948349
"456" -0.0878861847781242 0.226574592683118 -0.0553032476228888
"457" 0.85211643179531 -0.236246075911888 -0.0362012905398261
"458" 0.895714266570808 -0.124204981277879 -0.0254870165017008
"459" -0.897596285549505 0.840659811689597 -0.0761394760772036
"460" 0.783132246871917 -0.00948024031464124 -0.116075344109231
"461" -0.191961583295862 0.0377536778473063 -0.130317210353031
"462" 0.295035165964089 -0.204264619276978 -0.0817242185803438
"463" 1.06520888002998 -0.729134495673502 -0.125231853880396
"464" -0.103794413510826 0.00599562816282133 -0.133600828958641
"465" 0.0104667952364328 0.945901016200382 -0.0380954122755236
"466" 0.860556580962477 -0.121445461300859 -0.11134999228686
"467" -0.105237572230268 0.219494581305618 -0.165178398610652
"468" -0.628711924552823 0.120426682898447 -0.195038814220361
"469" 0.0781751824745894 -0.0534099628544956 -0.10634394635285
"470" 0.850023230872702 -0.202376977206038 -0.191066504804717
"471" 0.636305280663388 0.0132954725086425 -0.141975855503306
"472" 0.0953386441102368 -0.0900175926754307 -0.110437371508017
"473" -0.0652244541919019 0.0724244599243554 -0.109766000770392
"474" 0.763932532056581 0.00532042696647879 -0.0742680664598635
"475" 0.172777570330034 -0.0290816555231988 -0.127998057131954
"476" 0.914460722907427 -0.190882558437359 -0.1933025125279
"477" 0.0354164766082145 -0.591832540585881 -0.168931536449861
"478" -0.130283239380424 0.119254310403632 -0.0788372398269694
"479" 0.249459737885923 -0.0214837761797 -0.146039900776594
"480" -0.181535502016512 0.0149676502875053 -0.126771492084042
"481" 0.933005461825435 -0.222172486799403 -0.0492823008600632
"482" 0.527874745162106 -0.0922207249617992 0.000851429394002859
"483" -0.0676814772926666 0.160216206937676 -0.0857636058312157
"484" 0.0272952033544934 -0.935613617554017 -0.0759290042855008
"485" -0.874463595767322 0.0748731410014252 -0.00748912403447273
"486" 0.962950699707075 -0.947481053814524 -0.150040481571106
"487" -0.126343861144256 0.0171941880191186 -0.126302205813753
"488" 0.526993667493355 0.0134436843434643 -0.103259869348814
"489" 0.515021060112448 0.00177694348350022 -0.0688716629118972
"490" -0.830673471975562 -0.0268485142283541 -0.0980065118754763
"491" -0.916685273921121 0.128900528753721 -0.0552353241792641
"492" 0.960351165473384 -0.108388783985493 -0.0511944141319668
"493" 0.0695549843482858 0.833466698317872 0.0136389931215939
"494" 1.06514912683777 -0.745576654748671 -0.007227584029777
"495" 0.0251948413504693 -0.312499488401894 0.0131946207960232
"496" 0.0186938052393592 -0.200316205991612 -0.0402584766604699
"497" 0.0753047016660405 -0.124843632247672 -0.067685170435436
"498" -0.884116197425018 0.621061685274932 -0.119490052100846
"499" -0.308619771057356 -0.0616505069262231 -0.0189122307241301
"500" 0.805447883721985 0.0263968538672378 -0.0665068109856099
"501" 0.886632122649967 -0.0581424670405384 -0.0475172254549023
"502" -0.0799665778646996 0.0603685575035781 -0.0117961450355629
"503" 1.06635524307917 -0.797800916513672 0.00924785736141208
"504" -0.991520524986021 0.893406056568314 0.013087651434857
"505" -0.980548512914923 0.711032476233359 -0.0696460351313567
"506" 0.0603912910465889 0.826352010384528 -0.121510879699898
"507" -0.937172245424935 0.688435236729389 0.0403976277093811
"508" -0.795467923619795 0.0657442288161939 -0.052878927199849
"509" 0.0424447499273971 0.133541754172213 -0.00510003456819092
"510" 0.204967957346614 -0.0452149638273373 -0.0787828285119345
"511" 0.936724678926849 -0.00229853929360878 -0.0536475111897508
"512" -0.0913660457220349 0.0420004740198175 -0.100331506012583
"513" -0.0153868649165503 -0.187975487678701 -0.117859841599021
"514" 0.0801972428507339 -0.0102847774882473 -0.109303146839685
"515" -1.01000579004057 0.329596733217756 0.0417679224071616
"516" 0.991677460402676 -0.553395896171212 0.0057082891323501
"517" -0.138955260488294 -0.0506472965263316 0.00174522602643213
"518" 1.00476550935244 -0.0776908478452183 0.103551298753162
"519" 0.0100595416959085 0.603487792775668 0.0407202743358243
"520" 0.111615705153547 -0.702528578789989 0.0103512189047993
"521" -0.706562318414306 0.00261217117626487 0.0841140807594797
"522" -0.0615322939409873 0.751749675597264 0.0213869558646362
"523" 0.761522153384882 -0.0241680990693245 -0.0413044675328645
"524" -1.00558537638972 0.626371032632301 0.109079577585695
"525" -0.082105894242385 0.0736108857964949 0.00812546320598216
"526" 0.0906146496158332 0.939953337551393 -0.055190109582031
"527" -0.0687235906817162 0.0420883675348215 0.0700193361855498
"528" 1.09288866687143 0.393973106554132 -0.0557422902607561
"529" -0.453966682358163 0.119116369051924 -0.036730097229714
"530" -0.930564183852765 -0.0588978064092177 -0.0351052060013486
"531" 0.0472829077127362 0.70419710217966 0.0395025104330298
"532" 0.0204676980724334 -0.442915688536284 -0.0400579736557758
"533" 0.982114487723608 0.777753036029954 0.083239040844815
"534" -0.377199894343028 0.0011136423342907 -0.00661830531343376
"535" 0.338593549092963 0.113906175098581 -0.0112369786864004
"536" -0.873791005554912 -0.479056226960231 0.00708840655902802
"537" -0.932803545155623 -0.114852710271768 0.0259346825723081
"538" 0.201086933264132 0.102715893882819 -0.0379480331771526
"539" 0.0394287225616525 -0.303766487712681 -0.00507510901180196
"540" 0.0199611079270155 -0.368242322783141 0.0355805947512552
"541" 0.642371931605771 0.0392205306459866 0.043000321293316
"542" -0.904184543758264 -0.110598933287172 0.0976116119212855
"543" 0.698839704023113 -0.0260102285911854 -0.0837124644282511
"544" 0.441202503963602 0.0128667186558423 -0.0417071182542875
"545" 0.0110864386428674 0.123493648672272 0.0198288261839297
"546" 0.896411728577881 0.0730769216626424 0.00407192033983484
"547" -0.900627314818074 -0.731635489973671 -0.0220699030672149
"548" 0.920860544275257 0.105683288881354 -0.0226130014145426
"549" -0.0168285887410532 -0.316007386866648 0.224026795492048
"550" 0.382011897626939 0.0607558460806621 -0.0596017743939442
"551" 0.997413497016536 0.152725206968736 0.0259636024608346
"552" 0.971959187462526 0.0980867530222749 0.0220443426187306
"553" 0.0345236109601153 0.0749089196142335 0.073105641096649
"554" -0.142477176112647 -0.21356951850507 0.0994137572498563
"555" 0.419822963969165 -0.0203236171241446 0.0291921380137433
"556" 0.905363223473205 0.089613532368657 0.0424738588007994
"557" -0.0187302188240255 -0.687462290486098 0.112408944427474
"558" 0.0423168945318895 -0.355087492683176 0.0891338886396785
"559" 0.573691975399845 0.0440287587881003 0.0886804115155033
"560" -0.996628344286713 -0.289131332693205 0.054770150098738
"561" 0.984373691711082 0.714240684538906 0.0607769173344874
"562" -0.948655140099977 -0.433778988757178 0.0247790900012365
"563" 0.102017551863085 0.535308884050232 0.0816150918476131
"564" 0.961383304164294 0.628961865375557 0.0730169112421396
"565" -0.0989040161142876 -0.64572596867909 0.0290115169128888
"566" 1.05111015704558 0.303350674323673 0.0626224488052814
"567" -0.248358337333988 -0.0895708232454484 -0.00827234432080164
"568" -0.216422828580421 -0.0787664145787816 0.0438042547782173
"569" 0.0540002504008206 0.891489903800486 0.119323308640526
"570" -0.990222601052552 -0.306066626313176 0.0696250531044131
"571" -0.252858762241631 -0.0157916497364054 0.122739437560829
"572" -0.0427874331486029 -0.366746475521755 0.144749314310465
"573" 0.0507393401175792 0.341186720802591 0.0988034517890209
"574" 0.0429680898052978 0.293405751223806 0.0448784012569627
"575" -0.93860933133491 -0.0913924644521298 0.140815015528986
"576" 0.999257726445507 0.844438746112318 0.124274279647524
"577" -0.0165052255222348 0.271466061546941 0.0552042034142068
"578" -0.98015236334397 -0.336231675807875 0.14519213815354
"579" 0.325654762234683 0.0301163270682183 0.113323034897662
"580" 0.836364440311819 0.0362177304182462 0.0210632103990593
"581" 0.144883596941176 0.141906747660379 0.163641999304956
"582" -0.931911228975151 -0.768650762095381 0.11895851784813
"583" -0.930150667007278 -0.868355437921912 0.0821207149888033
"584" 0.454216567154304 -9.82185916858433e-05 0.107966449177192
"585" 0.0522382391889944 0.78082732961281 0.128584082369655
"586" -0.0254151366229683 0.263215775909848 0.0656287982467357
"587" 0.715525236659863 -0.013259416108528 0.165201704159472
"588" -0.0452437757710457 -0.400909179216351 0.0758815843243054
"589" -0.363235346689256 -0.00558532444090559 0.084754822710293
"590" 0.429776098767531 0.110509839857721 0.194750647590515
"591" -0.940108339863913 -0.682335080250977 0.0895394576287837
"592" 0.954017997229595 0.255611247892247 0.191271894919263
"593" -0.739128578273179 -0.00617857947532029 0.127657803397964
"594" 0.0951142958784792 0.213469686899726 0.151779998482757
"595" -0.919388383457467 -0.983107639610576 0.15674774605575
"596" 0.888359821834178 0.161701428847043 0.0768207864680016
"597" -0.0846735923796412 -0.998596113316637 0.131746656932291
"598" 0.896817329146881 0.266357431083921 0.173820924760717
"599" -0.95987777853913 -0.876875105294844 0.227711011438813
"600" -0.993088167664067 -0.507283437216086 0.170344483278379
"601" -0.622956370039833 0.0608493981332275 0.204158823979772
"602" -0.580244957648426 -0.00986408090093492 0.167222875877485
"603" -0.07330066299018 -0.872175491876714 0.19110326785567
"604" 0.893985065086327 0.182101473985593 0.180836356116175
"605" -0.972797126573552 -1.02134309336648 0.127806335361295
"606" -0.406899198465174 -0.105716209197046 0.119370624247224
"607" 0.0211390508496371 0.903662540765644 0.128366978539891
"608" -0.0458884100630955 -0.47023391705974 0.201526265574115
"609" 0.159603600321769 0.0337479960343992 0.201169345690865
"610" -0.421523764323579 -0.0372110764268076 0.125581558236133
"611" -0.907880228648677 -0.75222508662943 0.139461060134704
"612" 0.989220655064714 0.676158161501775 0.232233384635595
"613" -0.741540408935242 -0.0380514376287126 0.134240347652264
"614" -0.0408135573633856 -0.467860981694136 0.136614485411895
"615" 0.548489246572906 0.0391111874402419 0.170968076461363
"616" 0.170411080397228 0.562583310492363 0.133183573561897
"617" -0.950575125863629 -0.788857229378475 0.239156705552954
"618" 0.121067703723584 0.111489247116111 0.22609759819496
"619" 0.550788574332003 -0.0488282361605393 0.238974533801876
"620" -0.929370937623641 -0.406161211158625 0.164050294959516
"621" -0.743874316459915 -0.118307724843966 0.177337148201854
"622" 0.197000170841976 0.105709355773123 0.273695576043506
"623" -0.109935681843137 -0.352493654284473 0.128867611007094
"624" -0.0241076907072929 -0.944496184056006 0.217367443790961
"625" -0.00406812809121501 0.600518793350876 0.153044436083731
"626" 0.853502887669316 0.192624054251298 0.319121079671741
"627" -0.818490852344242 -0.244736586679221 0.246613737970729
"628" 0.909078897437265 0.238400250044397 0.158243478351304
"629" -0.883746532884521 -0.690895666238507 0.235617334426359
"630" 0.732647882135023 0.122408816034114 0.26190384236564
"631" 0.404258866636693 0.0694894896499009 0.131654294788829
"632" 0.131169379809637 0.340898576671323 0.173289168748216
"633" -0.448883139058083 -0.0701974816834785 0.181940298858695
"634" 0.362995828660206 0.0712643530633734 0.261516130874886
"635" -0.706410940302952 -0.0574833113603433 0.204679646322037
"636" 0.379572892578525 0.112162953469064 0.22437810838405
"637" -0.090705861677438 -0.179145319926334 0.261425476184931
"638" 0.768454627524379 0.202240755898394 0.265876979277007
"639" -0.939605036779009 -0.586245068144022 0.234196897844823
"640" 0.900117689455396 0.758527960796027 0.232560095688063
"641" -0.898145072020214 -0.287435472474155 0.265692909076086
"642" -0.106005602539917 -0.337670868771759 0.173426661794921
"643" 0.0906137962763715 0.57316367291569 0.235926697518262
"644" 0.810817326993311 0.168025605173863 0.226049257735972
"645" -0.0610355826082291 -0.614793628641418 0.298833677059665
"646" 0.118205039654512 0.526838490908618 0.27606849533229
"647" -0.0802162945733646 -0.946751104540077 0.249841070074138
"648" 0.438098554266902 0.0950306497593048 0.199137981835078
"649" -0.126222491882742 -0.709757502516656 0.302419926208932
"650" -0.197174871337021 -0.507998100643986 0.285702014237365
"651" 0.37142511245812 0.253035148334235 0.232357134372108
"652" 0.112157806791997 0.458612802379375 0.22267600222452
"653" 0.725868570109735 0.151406392071838 0.323550265278814
"654" -0.0360047758090938 -0.384160840262159 0.274187842674477
"655" -0.871157035632899 -0.365015568620367 0.310649883300686
"656" -0.947965064908949 -0.484664923948167 0.167516846293297
"657" 0.542888012932935 0.132667252089686 0.257266663422563
"658" -0.954778961469558 -0.667509902754596 0.37005256849771
"659" -0.103023035991352 -0.26299468112821 0.289364030832964
"660" 0.85398550474318 0.449025047462552 0.268571520406981
"661" 0.18920231827226 0.0881226117475161 0.283054590283373
"662" -0.104646373621736 -0.456470840624242 0.313476759936928
"663" -0.125876210095031 -0.652137431892937 0.223339558790352
"664" -0.106157102370819 -0.821160068927575 0.246469135475405
"665" 0.0538725309510998 0.597896815753648 0.152281779261306
"666" 0.209922808352344 0.132706461478374 0.319047452404453
"667" 0.806075321746859 0.23251238364766 0.273548905653767
"668" 0.580062818270087 0.100149452607878 0.261499055676849
"669" -0.223206632472787 -0.150642212036002 0.325822383943155
"670" 0.267294348923995 0.215091421256705 0.215649533762301
"671" 0.139714346787136 0.799641621178702 0.227270284194119
"672" -0.0877936396309426 -0.658441029359067 0.314131480483523
"673" 0.99379571173535 0.933283117324089 0.302224486664276
"674" 0.662116259302203 0.0518293518607383 0.366010519668645
"675" 0.291668906397879 0.111765852040374 0.335229132797905
"676" 0.291724126593979 0.105292127146289 0.329297386302333
"677" 0.115689191740304 0.821170190767066 0.241620551872667
"678" -0.971360599451692 -0.711538385702223 0.333116580249287
"679" -0.257651138046804 -0.203205901148131 0.30705760060926
"680" 0.289772482660561 0.191540925946703 0.154562212978308
"681" 0.885995705698256 0.511174794716862 0.28592612170006
"682" 0.739740471153436 0.0957458463282886 0.311637425425998
"683" 0.531385833465644 0.00117841826786333 0.329309891132735
"684" 0.374715078128958 0.0873042874424642 0.339455162404302
"685" 0.163047029573677 0.344133252331726 0.29259483923333
"686" -0.844866749679006 -0.276369959204671 0.220696298428017
"687" 0.833571397659794 0.578359182053972 0.317975059569484
"688" -0.954733836953862 -0.503069817475013 0.317820645488933
"689" -0.954513749444249 -0.952794868817079 0.412365740910037
"690" 0.896671442980494 0.738020492114632 0.264245035001303
"691" -0.0792533787731436 -1.01901635324404 0.240972624490925
"692" 0.849676336917903 0.197001552747573 0.344302725333548
"693" 0.482524266852949 0.140860700791377 0.355582466145898
"694" -0.96333014072228 -0.946612579636831 0.303589612862797
"695" 0.432586786316112 0.162197438673749 0.318683314467183
"696" -0.816238575432122 -0.79952996685179 0.246796474305975
"697" 0.425205661660608 0.0885901259361111 0.348313833089131
"698" 0.701024375424479 0.20193424182743 0.305681396911311
"699" 0.855048637591528 0.893950328045763 0.265082420922915
"700" -0.21291891895396 -0.67754158997968 0.360093315687411
"701" 0.288856329043532 0.173019006886255 0.473671402474216
"702" 0.236187867383375 0.10714341038339 0.443846952980707
"703" -0.107960374735316 -0.857454405659408 0.363683294837589
"704" 0.167983590326878 0.245281089111957 0.306113131453685
"705" 0.85112596877314 0.424197228656408 0.312973781239666
"706" 0.597054124308042 0.0785050491217406 0.359457724997656
"707" -0.0516227872336491 -0.897131663381668 0.370127749875466
"708" 0.855661124084323 0.933500309704253 0.318126770250073
"709" -0.866371875605376 -0.465233283583965 0.330190060778298
"710" 0.824792086132218 0.648341529014635 0.408072534685664
"711" -0.140788664647976 -0.217745968392409 0.324754064994496
"712" 0.777958897952097 0.174584718123504 0.456934623589052
"713" 0.873885529345697 0.767495027950458 0.376559311665458
"714" 0.821072386373023 0.317632577704126 0.372204473250241
"715" -0.170067849783323 -0.183543869608549 0.345338840915931
"716" -0.135840941223959 -0.863857463178391 0.374405269950684
"717" -0.932282176520121 -0.528960194843471 0.347082565703402
"718" 0.209174830115997 0.724223523598656 0.442876953267062
"719" -0.945093327572168 -0.509504390242258 0.306442062053076
"720" 0.0268911798826052 0.743188381922585 0.376277274567531
"721" 0.176524249358035 0.671865409375489 0.430357999535359
"722" 0.255483298480546 0.165600839892211 0.347098335709343
"723" -0.173374306784275 -0.414997283847593 0.35653209565444
"724" -0.115531231653334 -0.368451825605913 0.359755828770113
"725" 0.814999033355322 0.917339080583398 0.417287176988234
"726" -0.184979792714973 -0.323472803528041 0.433881933103849
"727" 0.155952027228851 0.524321416834664 0.445511539902979
"728" -0.299082163875056 -0.256824193492752 0.492805929020653
"729" 0.889931079225341 0.79809357054564 0.446759720099743
"730" 0.226045005926575 0.545907590084535 0.415635415070933
"731" -0.824310453612563 -0.791647843370719 0.333403863756561
"732" -0.875827781424785 -0.728927091980817 0.351751788035494
"733" 0.886342688770051 0.500533227302929 0.361632641992832
"734" -0.254620302153524 -0.210127172279145 0.389106358812094
"735" 0.786084517942178 0.707610683485525 0.363109383819793
"736" 0.598795861540472 0.179264966067264 0.493390943867917
"737" -0.103268734226707 -0.988950231912109 0.427567830609003
"738" -0.819786971911523 -0.22019489225429 0.427269367546012
"739" -0.605354316170718 -0.11504333448172 0.355323580523667
"740" 0.144510115940706 0.6454306961203 0.421581578651189
"741" -0.297331389052199 -0.253167540692527 0.420902116608612
"742" -0.126286905653703 -0.701191853491511 0.499106155452596
"743" -0.33752699109094 -0.260547956011108 0.443674061815728
"744" 0.932807925349441 0.71917654366361 0.350089575314146
"745" -0.287025794197999 -0.328317837400424 0.453511749361423
"746" 0.107506398486052 0.806251362101625 0.526293408308872
"747" 0.708146082047678 0.113345380897993 0.455475390993273
"748" 0.309132980602987 0.1190804873642 0.450128950535793
"749" -0.812313240680153 -0.303660068749092 0.51306103091932
"750" 0.894816940265434 0.417801127711795 0.382321707607637
"751" -0.188998845739166 -0.902447412128853 0.489145345038598
"752" 0.678724399837614 0.201144234964751 0.481701153485977
"753" 0.767874975695114 0.685930073008064 0.414885855449602
"754" -0.837870048000075 -0.668678471324655 0.4371053319215
"755" 0.322657755361942 0.25783096253084 0.518080562579538
"756" -0.695106543313476 -0.27742872778169 0.446926832674261
"757" 0.826742406488642 0.818334383042575 0.477441938576243
"758" -0.518683957605698 -0.190354181755593 0.390921813385232
"759" -0.195413978641514 -0.628678687339183 0.470963188306731
"760" 0.230876369627011 0.829757358784626 0.451105314718217
"761" -0.795548238896202 -0.903155912761534 0.549874326136178
"762" 0.165748336380038 0.70177408954966 0.590086184708829
"763" -0.838263627059939 -0.697702263241216 0.40695972049086
"764" -0.260398533286007 -0.268114791241011 0.486855664833783
"765" -0.279075487655239 -0.12493440732627 0.529472300019194
"766" 0.789527317612639 0.65604937049837 0.54829920022876
"767" 0.157693604858059 0.390577440472325 0.540691776033633
"768" -0.493218322457793 -0.119620772706656 0.5099298273119
"769" 0.793632495472168 0.596857144146617 0.454557951037343
"770" -0.593924108241254 -0.157548472309328 0.443326180316043
"771" 0.103652851987161 0.770795270355489 0.523796778231402
"772" 0.220283653905321 0.372814021552177 0.410092547935788
"773" 0.390563754871375 0.283315985779925 0.447132863030147
"774" 0.670426613059865 0.236945669253526 0.59903622530208
"775" -0.187194797908291 -0.67504439421972 0.506336595278809
"776" 0.40783706220258 0.172041916390577 0.525936284098901
"777" 0.830302781961709 0.664310613537113 0.557074268841036
"778" 0.288740717117311 0.34213177434812 0.561294643989714
"779" -0.295524861405326 -0.264917013391416 0.548990490053812
"780" -0.241953366436878 -0.209579858853157 0.516100680063772
"781" 0.759101954370389 0.497344799037458 0.582625689482754
"782" -0.184757511131462 -0.756874436084833 0.568611773165309
"783" -0.628974178048285 -0.233312591341423 0.589571838832206
"784" -0.226054930501037 -0.737311400911454 0.585448295888598
"785" 0.339390776520632 0.224686972057848 0.514848585993899
"786" 0.763634281021189 1.02037244824884 0.49986008541557
"787" -0.276831853023727 -0.806336159634962 0.542761579924065
"788" 0.562791647611711 0.20575154595359 0.54054624926326
"789" 0.785296354339604 0.885298545771234 0.54254343270842
"790" -0.81116616495334 -0.963485214128653 0.610030591279189
"791" 0.777068755721427 0.332437454435773 0.595567061508872
"792" 0.756971689424459 0.667816227386177 0.521370169074986
"793" -0.700797719147985 -0.303810581691049 0.494770698812022
"794" 0.220255737665116 0.600074740367449 0.564766438423717
"795" 0.809516664426373 0.424465063107657 0.655661834456658
"796" 0.266823329050359 0.387389748123959 0.552806572104262
"797" 0.767049782316601 0.568874193710798 0.554796581478464
"798" -0.705898816214433 -0.23419993674939 0.563498951727072
"799" 0.665340160100789 0.453071141232655 0.578109580049288
"800" 0.717476281453305 0.356911884916425 0.671813020358273
"801" -0.321168115005774 -0.302787442258056 0.588057573425967
"802" -0.599234834836163 -0.227764562984172 0.632400509700854
"803" 0.271630638790702 0.38529049655892 0.684008679637371
"804" -0.251105124884009 -0.92248631641877 0.630506174444866
"805" -0.829445949126988 -0.977061709163753 0.620888761843654
"806" 0.252666092850972 0.539335432317617 0.550772402578127
"807" 0.732542921832413 0.985067731555037 0.508693797403778
"808" -0.172528975133098 -0.357616512861078 0.578981056254697
"809" 0.217357988154362 0.402467852882541 0.596645106461985
"810" 0.859675181398747 0.339193024206523 0.635665843254542
"811" -0.246413534520885 -0.480942742860055 0.717451091941402
"812" 0.340375147118261 0.289976902248601 0.574626664590527
"813" 0.787329443493817 0.774638679164181 0.656134871145147
"814" 0.678569074869468 0.409851627272596 0.686753140528657
"815" -0.516160044014777 -0.23565452747099 0.595250865927656
"816" -0.223675165805821 -0.407044892576743 0.550141371930922
"817" 0.492271016665785 0.188235675590157 0.724808854477663
"818" -0.485977494410205 -0.177538609857239 0.607529714859231
"819" -0.417013658471686 -0.294263355012135 0.673337883765695
"820" -0.281170044069522 -0.464366790597507 0.616850886665483
"821" -0.679657465756167 -0.534909303447152 0.714847555257112
"822" -0.705914552663429 -0.511488086278559 0.585486501404862
"823" 0.307701291559249 0.287577500084124 0.651344669728819
"824" -0.722038402174367 -0.412739639416939 0.681607311085635
"825" 0.269674358964612 0.671544604326539 0.651203641219987
"826" -0.609230536559958 -0.348948434948148 0.606886530484314
"827" 0.386734270887054 0.323991131857854 0.687893583035205
"828" -0.76170009428464 -0.518381627745809 0.695367689202465
"829" 0.807925277717609 0.570126968719588 0.656389023743466
"830" 0.381196885428787 0.282134158958764 0.659182468337421
"831" -0.264768196553538 -0.714840448063989 0.72532684893711
"832" 0.554659564604279 0.31714375465322 0.597807766047023
"833" -0.456042523355749 -0.275902844344043 0.626752099400532
"834" -0.351910451251677 -0.261848011562667 0.6762514004277
"835" 0.262188435315813 0.52302965490657 0.775259591080371
"836" -0.239833777842386 -0.615617367804657 0.696847540846344
"837" -0.770634643664013 -0.528116665948751 0.680801495038455
"838" 0.231823964378774 0.663492775404595 0.612803937539063
"839" -0.256693287140625 -1.00527837005787 0.712193642353916
"840" -0.669869689541184 -0.371372580296562 0.590130815075407
"841" 0.251446471630033 0.554719044702083 0.809959550878895
"842" 0.310255539026232 0.51864795871283 0.627698057609295
"843" 0.634567925082844 0.34225217742247 0.631007882103017
"844" -0.191338418806555 -0.543581142050942 0.676725156615809
"845" -0.447706284370581 -0.34753041507498 0.672048600796036
"846" 0.230655074348633 0.942768412048468 0.701431431975778
"847" 0.303137717161703 0.437272669184543 0.712187281781985
"848" -0.176629277011659 -0.838453724362921 0.712136876775033
"849" -0.183872381975824 -0.813870399339334 0.743054468029682
"850" -0.204547539651702 -1.01127469916262 0.653516154152132
"851" -0.263104294625034 -0.632645338420057 0.68667877759041
"852" -0.428879088776516 -0.387188646759329 0.700763177511072
"853" 0.824896003636291 0.755999046288981 0.654466864735781
"854" -0.747718487396237 -0.620268472013066 0.790074428203366
"855" 0.691159558723791 0.638756996631485 0.632278220995838
"856" -0.353882561746752 -0.450920432510549 0.599120193326716
"857" 0.214629937749806 0.611917559853411 0.743024151480417
"858" 0.248911705033841 0.419044744766909 0.742227658263698
"859" 0.330399585220802 0.513694994430678 0.745977559978351
"860" -0.285788414761366 -0.962175290312216 0.666285805873238
"861" 0.425674174596264 0.317891113994259 0.724115830192596
"862" 0.249565141579687 0.613677344950425 0.730104014057936
"863" -0.23769719132908 -0.938003170511897 0.606922841832186
"864" -0.336052764531416 -0.371260961563385 0.657961472268438
"865" 0.764969550362198 0.679948212115604 0.764094937710537
"866" -0.782635256383709 -0.911145727264703 0.702482543826809
"867" -0.282375568551069 -0.441399996874967 0.696470465448358
"868" -0.243984944387876 -0.868464080714233 0.711969467625886
"869" -0.301062263667046 -0.365344782876377 0.75547553141154
"870" 0.646110697893461 0.535608236582328 0.759262961683673
"871" -0.235732077292687 -0.878792770629985 0.7388594362879
"872" 0.722642622373054 0.888604136154762 0.754072221657124
"873" -0.374655560314937 -0.367921015976212 0.784383598136823
"874" 0.333274232880498 0.385020581073663 0.770310621065589
"875" -0.551732479113148 -0.350317227647351 0.791384133634695
"876" -0.744771731740753 -0.547200485897363 0.731765653280564
"877" -0.61527091099466 -0.31981731536958 0.668169285980426
"878" -0.268917114677794 -0.92940518887962 0.828683664562295
"879" 0.592845546334395 0.378485329326854 0.828547175795836
"880" -0.705512186970664 -0.77567268745924 0.741686201215944
"881" 0.358484149877951 0.536553541274066 0.723092077202514
"882" 0.330376104947666 0.570820478933324 0.755578702178896
"883" -0.603734501832978 -0.424425014681054 0.75398999175583
"884" 0.269326551426876 0.531418734516953 0.725035785618205
"885" -0.666285325000255 -0.600262314391573 0.700773428693082
"886" -0.300996824095815 -0.265748033880413 0.829724999942197
"887" -0.508701217380586 -0.327371126641867 0.745375453138105
"888" -0.52501506767209 -0.315878414826652 0.767841916642901
"889" -0.639140115068506 -0.362968640874945 0.727885503274763
"890" 0.329798818635346 0.698667662687278 0.858886646615554
"891" -0.696949583912781 -0.749044051469563 0.912881551945519
"892" 0.322362582323534 0.790097792993217 0.773843021668613
"893" 0.355113765247312 0.426013238036186 0.728017155661944
"894" 0.687777797849654 0.404527006164335 0.749101421895042
"895" -0.536349605693437 -0.282231042937449 0.788935785513672
"896" 0.755210794290577 0.773096660236317 0.735491921253667
"897" -0.305777141377459 -0.472837456012538 0.82582240311227
"898" -0.261659635366443 -0.69100107248606 0.779243148902823
"899" 0.454700055871239 0.464326846387868 0.882030395433442
"900" 0.473666099989381 0.320472408324414 0.836640940061807
"901" -0.530181760810254 -0.436540476278046 0.866571330184594
"902" 0.377812498147691 0.434920276231288 0.695810577191689
"903" 0.656241539579809 0.937391467784793 0.797914825831171
"904" -0.310858984783371 -0.963828788850968 0.728717100127029
"905" 0.382622543530172 0.482978556026949 0.793362506115547
"906" 0.321340766115559 0.709032137098279 0.836734524797128
"907" 0.71144286597724 0.709059813713831 0.755022423233301
"908" -0.39620547292293 -0.606278743290015 0.845205233360044
"909" -0.260402531191805 -0.93578457585848 0.828650213791969
"910" -0.229264118664332 -0.999746996091378 0.86302855081225
"911" -0.670441706579624 -0.799216332022738 0.858366397563479
"912" 0.460273208453873 0.466112965402337 0.871473728803738
"913" 0.310859276436687 0.989651861876353 0.755887568260099
"914" -0.388401503019394 -0.748508783377407 0.820851704546575
"915" 0.329504385866118 0.929483490478624 0.88153187909938
"916" -0.651851731709365 -0.789958226766482 0.851818177777921
"917" -0.690408298812727 -1.16911162031766 0.883877162541324
"918" -0.537232490213449 -0.474280732979665 0.856646692941218
"919" 0.498369589788413 0.389917289215289 0.85988966158531
"920" 0.275412050491352 0.887429810266304 0.890788656796072
"921" 0.350042887090018 0.623711051749799 0.878215271265082
"922" 0.685016653645872 0.958055608601917 0.857414943188648
"923" -0.640602686331603 -0.603555230177362 0.856131124975679
"924" -0.584674496993064 -0.634639059661258 0.866134773784689
"925" -0.691696520856541 -0.836558931691932 0.899392587729129
"926" 0.496547373006825 0.422181616746657 0.852515662596135
"927" 0.357421590156674 0.550946954474632 0.806012501813888
"928" 0.376237163599061 0.736622500489692 0.815194300413814
"929" -0.360998227987307 -0.808371843728037 0.942175532598797
"930" -0.583967746890423 -0.49842239063185 0.922435880042618
"931" 0.614532187692554 0.8214606326748 0.888130295957829
"932" 0.622738517738014 0.810614254916163 0.726438591015901
"933" -0.283606510859708 -1.01236023621098 0.888347628216312
"934" -0.358390962931481 -0.576167609952108 0.816141396794007
"935" -0.54244258273927 -0.945188855703772 0.850641252991719
"936" 0.607237544060226 0.500830857170302 0.79822694676636
"937" -0.475950743143697 -0.372793315211393 0.841292316653184
"938" -0.528367992379544 -0.443994335055986 0.898412452458994
"939" -0.558864374298625 -0.621299716365673 0.861925101819482
"940" -0.457322645666729 -0.621782203348101 0.877287267018428
"941" 0.632277584306718 0.623850650633757 0.899048961336609
"942" 0.604992785717513 0.848062128169569 0.980562148040802
"943" -0.652331357152147 -0.565715805444648 0.812179024569134
"944" 0.500903104981509 0.539183002586336 0.95421071641669
"945" -0.576267282582073 -0.758672877482895 0.867502924336364
"946" -0.617234533805041 -0.542225409677623 0.87172609974183
"947" -0.556326706621756 -0.546210002596392 0.858291811540126
"948" 0.41619485867099 0.51921114126722 0.919101717515146
"949" -0.424971851924097 -0.79637003958842 0.916767778402184
"950" -0.563483962854436 -0.523598640685441 0.926115112972685
"951" 0.49768277788719 0.472583499554995 0.937280166897785
"952" -0.223905736276484 -0.677190652708229 0.869415497972894
"953" -0.667630407075021 -0.938931469635604 0.877306278778539
"954" 0.393575056323838 0.998025903656759 0.939264574909874
"955" -0.584017911263157 -0.558593053345254 0.928476070305014
"956" -0.471599210782901 -0.615363968503533 0.860436326575669
"957" 0.591531122584935 0.516619146391524 0.850377940986094
"958" -0.476541469499971 -0.551713702060553 0.913449396059682
"959" 0.622634921423449 0.827633520003674 1.00034532321248
"960" -0.66162106029944 -1.02272314323807 0.886592707978825
"961" 0.434468706033858 0.51924165760115 0.909735226647505
"962" 0.400750600217032 0.793297785406421 0.877996620187806
"963" -0.651853914862959 -0.582159081194911 0.971755531048802
"964" -0.467895168762029 -0.579374672339787 0.934980929062421
"965" -0.589950205823033 -1.00899444975944 0.942179449143653
"966" 0.416300071304742 0.613449503160042 0.907247687733241
"967" 0.683992847989136 0.922439907422062 0.928638497656437
"968" 0.504114835138882 0.593701741092189 0.991052353848817
"969" 0.588060501531375 0.746879302490326 0.970870293337422
"970" -0.343015302492008 -0.855181434516707 0.89834822575353
"971" 0.477273095668592 0.48089595116688 0.888638109084883
"972" 0.361056373501569 0.610477948297179 1.00089333225399
"973" 0.575789588782846 0.672395092788325 0.975991374072498
"974" 0.394470646923037 0.843282940308676 0.931909004162828
"975" 0.445112881125377 0.6518311127529 0.948437185459028
"976" -0.468068662251029 -0.725316445682254 0.953411375339342
"977" 0.467741714458284 0.692218999130284 0.920884971837341
"978" 0.444873419057109 1.01989713808607 0.895343820209792
"979" -0.556975125670978 -0.659897814539026 0.932184994710725
"980" 0.389215701364398 0.878459889740706 0.957604823861874
"981" -0.536332199883995 -0.926309872375169 0.900520419469169
"982" 0.43068201641235 0.581108754222375 0.91937265740894
"983" -0.59629381836349 -0.886004122751206 0.948696575257793
"984" 0.388475062343406 0.819893736442468 1.03807097796969
"985" -0.407894043222812 -0.727931605729567 0.993378013469293
"986" 0.405196095277767 0.690075294705454 0.995390257543016
"987" 0.57385230247829 0.689264071311014 1.00387708710147
"988" 0.585451273122997 0.668615643053929 0.964283113522924
"989" -0.556121643087073 -0.680414283792731 0.92011944230408
"990" -0.580888378411448 -0.83263436362614 0.931647439390753
"991" 0.552534767448816 0.994907728025296 0.936711661040892
"992" -0.529679689106016 -0.914978028383021 0.944596809404666
"993" -0.534776199101824 -0.791008842624371 0.948378194537384
"994" 0.497844428048287 0.658291479429167 0.937769712373702
"995" -0.527971315086501 -0.745766126146846 0.963751077175107
"996" 0.563808624922613 0.879037225816365 0.931067328070396
"997" -0.401106212786168 -0.743436225412671 0.970842170607575
"998" -0.470239955251931 -0.948156286949753 0.931137621850145
"999" 0.413157350474849 0.792669164860074 0.931442939731773
"1000" 0.489192593134041 0.903618403728445 0.986767740011542
